   0  7 -22.42  10	1 R R  1.869   4.9
   1  6 -24.41   8	1 R R  0.313   5.9
   2  0 -39.41   1	1 L L  0.131   6.6
   3  7 -20.25  12	1 L L  0.129   7.4
   4  9 -15.91  20	1 R R  0.130   8.1
   5  2 -34.32   2	1 L L  0.167   8.9
   6  5 -27.49   5	0 R L  0.215   9.7
   7  5 -25.49   7	1 L L  0.323  10.7
   8  5 -27.25   6	1 L L  0.259  11.5
   9  2 -32.68   3	1 R R  0.335  12.5
  10  9 -16.48  19	1 L L  0.167  13.3
  11  4 -29.37   4	1 R R  0.274  14.2
  12  3 -30.25   4	1 L L  0.241  15.1
  13  4 -29.17   4	0 L R  0.369  16.1
  14  2 -34.31   2	0 R L  0.261  17.0
  15  0 -39.78   1	0 R L  0.879  18.6
  16  0 -38.71   1	1 L L  0.273  20.8
  17  5 -26.07   6	1 R R  0.277  21.7
  18  3 -31.69   3	1 R R  0.323  22.7
  19  3 -30.31   4	0 R L  0.715  24.1
  20  0 -39.44   1	0 L R  0.331  25.1
  21  4 -29.21   4	0 R L  0.272  26.0
  22  6 -24.51   8	1 L L  0.289  26.9
  23  3 -31.93   3	0 R L  0.332  27.8
  24  4 -29.88   4	0 R L  0.535  29.1
