   0  9 -15.58  21	1 R R  0.249   7.0
   1  4 -27.90   5	0 L R  0.416   8.0
   2  4 -27.77   5	1 L L  0.167   8.7
   3  1 -37.25   2	1 R R  0.328   9.5
   4  2 -34.32   2	1 L L  0.193  10.3
   5  5 -26.83   6	0 R L  0.299  11.1
   6  6 -23.21   9	1 L L  0.315  11.9
   7  1 -35.75   2	1 R R  0.191  12.6
   8  0 -37.62   2	1 R R  0.310  13.4
   9  4 -28.97   5	0 R L  0.154  14.1
  10  0 -38.98   1	1 R R  0.224  14.9
  11  5 -25.25   7	1 R R  0.201  15.6
  12  8 -19.96  13	1 R R  0.203  16.3
  13  5 -26.69   6	1 R R  0.191  17.0
  14  6 -22.94   9	1 L L  0.224  17.8
  15  5 -25.50   7	1 R R  0.250  18.6
  16  6 -23.12   9	1 L L  0.217  19.3
  17  1 -35.15   2	0 L R  0.141  20.1
  18  8 -19.82  13	1 L L  0.155  20.8
  19  2 -34.61   2	0 L R  0.226  21.6
  20  2 -34.80   2	1 R R  0.262  22.4
  21  8 -19.50  13	1 R R  0.236  23.1
  22  8 -18.34  15	1 L L  0.198  23.8
  23  7 -21.37  11	1 R R  0.224  24.6
  24  7 -21.54  11	1 L L  0.167  25.3
