   0  7 -22.32  10	1 R R  0.483   5.1
   1  5 -26.86   6	0 R L  0.224   6.1
   2  4 -28.00   5	0 R L  0.168   6.8
   3  6 -22.97   9	1 R R  0.201   7.5
   4  6 -24.09   8	1 R R  0.156   8.2
   5  7 -21.26  11	1 R R  0.213   8.9
   6  9 -16.49  19	1 R R  0.344   9.8
   7  0 -37.76   2	1 L L  0.310  10.6
   8  0 -39.34   1	1 R R  0.188  11.3
   9  8 -18.17  16	1 L L  0.216  12.1
  10  8 -17.98  16	1 R R  0.165  12.8
  11  7 -20.93  11	1 L L  0.130  13.4
  12  9 -16.58  19	1 R R  0.155  14.2
  13  6 -24.98   7	0 R L  0.275  15.0
  14  1 -36.64   2	0 L R  0.287  15.8
  15  5 -25.69   7	1 R R  0.225  16.6
  16  9 -16.06  20	1 R R  0.250  17.4
  17  1 -35.75   2	0 L R  1.171  19.7
  18  3 -31.82   3	0 R L  0.180  20.4
  19  5 -26.30   6	1 R R  0.369  21.3
  20  1 -35.58   2	0 L R  0.203  22.1
  21  1 -36.62   2	1 L L  0.224  22.9
  22  1 -37.43   2	0 L R  0.200  24.4
  23  2 -33.11   3	0 R L  1.356  26.4
  24  0 -38.30   2	1 R R  0.313  27.2
