   0  5 -25.96   6	1 R R  0.432   9.8
   1  0 -39.54   1	1 R R  0.326  10.8
   2  3 -31.35   3	1 L L  0.178  11.6
   3  1 -36.58   2	1 L L  0.192  12.4
   4  5 -27.42   5	0 R L  0.543  13.6
   5  3 -31.12   4	1 L L  0.486  14.8
   6  1 -35.25   2	0 R L  0.289  15.7
   7  7 -20.66  12	1 L L  0.226  16.5
   8  2 -33.21   3	0 L R  0.202  17.2
   9  3 -31.66   3	0 R L  0.213  18.1
  10  9 -16.12  20	1 R R  0.178  18.8
  11  6 -22.78   9	1 R R  0.174  19.9
  12  3 -30.23   4	1 R R  0.273  20.9
  13  4 -29.44   4	1 L L  0.278  21.7
  14  9 -15.45  22	1 R R  0.222  22.5
  15  5 -26.51   6	1 R R  0.166  23.3
  16  4 -28.61   5	0 R L  0.213  24.2
  17  7 -22.26  10	1 R R  0.340  25.1
  18  5 -26.51   6	0 R L  0.334  26.0
  19  2 -33.37   3	1 R R  0.227  26.8
  20  7 -20.51  12	1 L L  0.357  27.7
  21  0 -37.59   2	0 L R  0.450  28.7
  22  6 -24.66   7	1 L L  0.346  29.7
  23  3 -30.38   4	0 R L  0.953  31.3
  24  2 -33.09   3	1 L L  0.572  32.5
