   0  1 -35.57   2	1 L L  0.354  12.0
   1  2 -33.00   3	1 R R  0.169  12.7
   2  0 -39.41   1	0 L R  0.201  13.4
   3  4 -29.81   4	1 R R  0.311  14.3
   4  5 -27.20   6	1 R R  0.239  15.1
   5  0 -39.93   1	1 L L  0.179  15.9
   6  0 -38.21   2	1 R R  0.253  16.7
   7  6 -24.42   8	1 R R  0.119  17.4
   8  6 -23.61   8	1 R R  0.119  18.1
   9  3 -32.32   3	0 R L  0.265  19.0
  10  1 -37.32   2	1 L L  0.466  20.1
  11  3 -30.87   4	1 R R  0.289  20.9
  12  3 -32.39   3	1 L L  0.261  21.7
  13  1 -36.64   2	0 L R  0.250  22.6
  14  4 -27.71   5	1 R R  0.224  23.3
  15  8 -18.58  15	1 L L  0.174  24.0
  16  6 -23.14   9	1 R R  0.192  24.8
  17  2 -34.36   2	1 R R  0.706  26.8
  18  1 -36.90   2	1 R R  2.339  29.7
  19  0 -37.63   2	1 L L  0.404  31.7
  20  5 -25.64   7	1 L L  0.239  32.5
  21  4 -28.70   5	1 L L  0.189  33.3
  22  7 -21.75  10	1 R R  0.178  34.1
  23  4 -29.09   4	1 R R  0.372  35.0
  24  4 -27.73   5	1 R R  0.313  35.9
