   0  6 -24.16   8	1 L L  0.189   5.3
   1  2 -32.78   3	1 L L  0.360   6.1
   2  3 -31.42   3	0 L R  0.130   6.8
   3  3 -30.70   4	0 R L  0.444   7.8
   4  2 -34.41   2	0 R L  0.141   8.4
   5  4 -27.78   5	1 L L  0.224   9.2
   6  3 -32.13   3	0 L R  0.192   9.9
   7  6 -23.72   8	1 R R  0.176  10.6
   8  6 -22.78   9	1 R R  0.165  11.3
   9  9 -17.14  18	1 L L  0.144  12.0
  10  3 -30.95   4	0 L R  0.235  12.7
  11  0 -37.88   2	1 L L  0.145  13.4
  12  5 -26.28   6	1 R R  0.118  14.1
  13  4 -29.32   4	0 R L  0.130  14.9
  14  4 -27.94   5	1 R R  0.581  16.1
  15  2 -33.50   3	1 R R  0.319  17.0
  16  2 -33.72   3	1 L L  0.142  17.8
  17  2 -33.21   3	1 R R  0.117  18.4
  18  8 -19.71  13	1 R R  0.296  19.3
  19  7 -21.11  11	1 L L  0.216  20.0
  20  5 -27.04   6	1 L L  0.168  20.8
  21  1 -36.18   2	1 L L  0.356  21.7
  22  5 -26.06   6	0 L R  0.287  22.5
  23  2 -32.96   3	0 L R  0.239  23.3
  24  7 -20.48  12	1 L L  0.202  24.0
