   0  0 -38.23   2	0 L R  0.581   5.0
   1  1 -35.07   2	1 L L  0.177   5.8
   2  0 -39.45   1	0 L R  0.177   6.6
   3  4 -29.47   4	1 L L  0.322   7.5
   4  5 -27.04   6	0 L R  0.225   8.3
   5  1 -36.56   2	0 R L  0.191   9.2
   6  2 -32.93   3	0 R L  0.273  10.0
   7  8 -19.34  14	1 L L  0.322  11.3
   8  4 -27.50   5	1 L L  0.287  12.1
   9  4 -28.13   5	1 R R  0.144  12.8
  10  1 -35.55   2	0 L R  0.194  13.5
  11  1 -36.27   2	1 L L  0.278  14.4
  12  7 -22.00  10	1 R R  0.321  15.3
  13  4 -29.64   4	1 R R  0.402  17.1
  14  6 -23.76   8	0 R L  0.263  18.0
  15  6 -24.60   8	1 R R  0.422  19.0
  16  9 -15.45  22	1 L L  0.262  20.0
  17  1 -35.44   2	0 R L  0.414  21.0
  18  0 -39.98   1	0 R L  0.672  22.3
  19  9 -17.10  18	1 L L  0.201  23.1
  20  8 -18.70  15	1 R R  0.309  24.0
  21  0 -39.55   1	0 R L  0.483  25.0
  22  7 -21.79  10	0 L R  0.200  25.8
  23  2 -34.11   3	1 R R  0.337  26.7
  24  6 -22.56   9	1 L L  0.333  27.6
