   0  0 -39.08   1	1 L L  0.288   8.6
   1  2 -32.78   3	0 R L  0.355   9.6
   2  0 -39.54   1	1 R R  0.204  10.3
   3  4 -27.87   5	1 R R  0.394  11.3
   4  5 -26.06   6	1 R R  0.260  12.2
   5  3 -32.09   3	1 L L  0.333  13.1
   6  3 -31.67   3	1 L L  0.298  13.9
   7  3 -31.19   4	1 R R  0.157  14.9
   8  7 -21.90  10	1 R R  0.118  15.6
   9  3 -32.29   3	1 R R  0.204  16.4
  10  0 -38.86   1	1 L L  0.176  17.2
  11  0 -38.26   2	1 L L  0.331  18.4
  12  2 -32.61   3	1 R R  0.117  19.1
  13  3 -31.56   3	1 R R  0.236  20.0
  14  4 -29.05   4	1 L L  0.214  20.8
  15  9 -17.16  18	1 L L  0.153  21.6
  16  5 -26.25   6	1 L L  0.192  22.4
  17  4 -28.54   5	0 R L  0.154  23.1
  18  8 -17.67  17	1 R R  0.177  24.2
  19  5 -25.99   6	1 L L  0.180  24.9
  20  7 -21.86  10	1 R R  0.153  25.7
  21  3 -30.72   4	1 R R  0.275  26.5
  22  2 -33.38   3	1 L L  0.317  27.4
  23  2 -34.77   2	1 R R  0.369  28.4
  24  7 -20.52  12	1 L L  0.191  29.1
