   0  7 -21.84  10	1 R R  0.272   3.3
   1  8 -17.58  17	1 L L  0.165   4.1
   2  8 -18.59  15	1 L L  0.211   4.9
   3  5 -25.46   7	1 L L  0.383   5.8
   4  6 -24.90   7	1 R R  0.201   6.6
   5  7 -20.72  12	1 R R  0.204   7.4
   6  6 -24.12   8	1 L L  0.307   8.3
   7  0 -38.45   2	1 L L  0.355   9.2
   8  1 -35.26   2	0 L R  0.273  10.0
   9  5 -25.66   7	0 R L  0.251  10.9
  10  6 -22.69   9	1 R R  0.345  11.8
  11  3 -32.34   3	0 R L  0.225  12.6
  12  1 -35.57   2	1 L L  2.582  15.8
  13  1 -36.38   2	1 R R  0.181  16.5
  14  1 -35.09   2	0 L R  0.322  17.5
  15  8 -19.60  13	1 L L  0.177  18.3
  16  9 -15.11  22	1 L L  0.176  19.0
  17  2 -34.95   2	0 R L  0.514  20.1
  18  4 -29.74   4	1 R R  0.203  20.9
  19  2 -33.14   3	1 R R  0.287  22.0
  20  1 -37.39   2	1 L L  0.285  22.8
  21  3 -30.79   4	0 R L  0.658  24.1
  22  9 -17.41  17	1 R R  0.345  25.0
  23  6 -23.11   9	1 L L  0.345  25.9
  24  6 -22.85   9	0 R L  0.265  26.7
