   0  6 -23.64   8	0 L R  0.321  16.9
   1  2 -33.49   3	0 R L  0.188  17.7
   2  2 -34.39   2	1 R R  0.216  18.5
   3  4 -28.52   5	1 R R  0.153  19.2
   4  3 -30.38   4	1 L L  0.105  19.8
   5  6 -24.82   7	1 R R  1.867  22.2
   6  7 -20.05  13	1 R R  0.273  23.6
   7  1 -35.34   2	1 L L  0.190  24.3
   8  8 -17.55  17	1 L L  0.298  25.2
   9  0 -39.13   1	0 L R  0.248  25.9
  10  7 -20.08  13	0 L R  0.141  26.6
  11  3 -30.03   4	1 R R  0.462  28.0
  12  7 -20.12  13	1 L L  0.181  28.7
  13  8 -18.67  15	1 L L  0.295  29.5
  14  4 -29.24   4	0 L R  0.393  30.4
  15  6 -22.52  10	1 L L  0.246  31.2
  16  8 -18.70  15	1 R R  0.356  32.1
  17  5 -25.87   6	0 L R  0.275  32.9
  18  1 -35.67   2	1 R R  0.274  33.8
  19  6 -22.76   9	0 R L  0.203  34.5
  20  6 -24.67   7	1 R R  0.296  35.4
  21  1 -35.27   2	0 R L  0.191  36.1
  22  3 -32.01   3	1 R R  0.320  37.3
  23  4 -29.11   4	1 L L  0.225  38.0
  24  5 -25.44   7	0 R L  0.213  38.8
