   0  3 -31.23   4	1 L L  0.359  20.4
   1  8 -19.65  13	1 L L  0.131  21.1
   2  9 -16.65  19	1 L L  0.070  21.7
   3  8 -19.79  13	1 L L  0.106  22.3
   4  5 -25.91   6	1 R R  0.191  23.0
   5  3 -31.01   4	0 L R  0.227  23.7
   6  3 -31.73   3	0 L R  0.190  24.4
   7  2 -32.56   3	0 R L  0.178  25.1
   8  9 -16.83  18	1 R R  0.182  25.8
   9  5 -26.73   6	1 R R  0.284  26.6
  10  7 -21.32  11	1 L L  0.152  27.2
  11  1 -36.88   2	1 R R  0.238  28.0
  12  9 -15.46  22	1 L L  0.093  28.6
  13  1 -35.84   2	1 R R  0.188  29.4
  14  7 -22.22  10	1 L L  0.128  30.2
  15  3 -30.65   4	1 R R  0.271  31.0
  16  9 -17.42  17	1 R R  0.187  31.8
  17  7 -20.20  12	1 L L  0.118  32.4
  18  7 -21.08  11	1 L L  0.166  33.1
  19  0 -39.77   1	1 L L  0.300  33.9
  20  5 -27.06   6	1 R R  0.141  34.6
  21  5 -25.38   7	0 R L  0.320  35.4
  22  5 -26.01   6	1 L L  0.323  36.3
  23  2 -34.84   2	0 L R  0.204  36.9
  24  2 -34.79   2	1 R R  0.384  38.4
