   0  8 -19.83  13	1 L L  0.224   8.4
   1  1 -36.16   2	0 L R  0.307   9.2
   2  5 -25.21   7	1 L L  0.261  10.0
   3  4 -27.51   5	1 L L  0.201  10.7
   4  7 -20.63  12	1 R R  0.320  11.5
   5  0 -37.95   2	0 L R  0.140  12.3
   6  9 -15.09  22	1 L L  0.117  12.9
   7  2 -32.64   3	1 L L  0.267  13.8
   8  7 -21.05  11	1 R R  0.059  14.4
   9  5 -27.04   6	1 R R  0.140  15.0
  10  8 -19.72  13	1 L L  0.168  15.8
  11  4 -29.50   4	0 R L  0.306  16.6
  12  4 -29.30   4	0 L R  0.118  17.2
  13  0 -39.63   1	1 L L  0.069  17.9
  14  5 -25.42   7	1 R R  0.033  18.5
  15  7 -21.35  11	1 L L  0.022  19.2
  16  5 -26.94   6	0 R L  0.299  20.2
  17  4 -29.22   4	1 R R  0.179  20.9
  18  0 -38.76   1	1 L L  0.046  21.4
  19  6 -24.55   8	1 R R  0.130  22.2
  20  9 -15.51  21	1 R R  0.248  23.0
  21  9 -15.94  20	1 R R  0.106  23.6
  22  4 -29.69   4	0 L R  0.152  24.3
  23  8 -19.38  14	1 L L  0.083  25.3
  24  2 -34.41   2	1 L L  0.322  26.3
