   0  5 -25.50   7	1 L L  0.248  10.8
   1  6 -22.79   9	1 L L  0.141  11.6
   2  2 -33.22   3	1 L L  0.226  12.3
   3  5 -26.98   6	1 L L  0.155  13.0
   4  1 -35.39   2	0 L R  0.301  13.9
   5  5 -26.44   6	1 L L  0.211  14.6
   6  0 -39.40   1	1 R R  0.212  15.4
   7  3 -30.99   4	1 L L  0.165  16.1
   8  5 -27.39   5	1 R R  0.312  17.0
   9  7 -20.08  13	1 R R  0.094  17.6
  10  0 -38.33   2	1 L L  0.274  18.5
  11  9 -16.78  18	1 R R  0.100  19.1
  12  6 -24.98   7	1 L L  0.179  19.9
  13  5 -26.20   6	1 R R  0.144  20.6
  14  9 -17.49  17	1 L L  0.141  21.2
  15  1 -37.12   2	1 R R  0.285  22.1
  16  6 -22.58   9	1 R R  0.166  22.8
  17  1 -36.38   2	0 R L  0.228  23.6
  18  1 -35.29   2	0 R L  0.202  24.4
  19  7 -22.00  10	1 L L  0.193  25.1
  20  3 -30.44   4	1 L L  0.191  25.8
  21  2 -34.14   3	1 L L  0.334  26.7
  22  8 -19.60  13	1 R R  0.117  27.4
  23  3 -31.51   3	1 R R  0.216  28.2
  24  5 -25.17   7	1 R R  0.229  29.0
