   0  8 -18.00  16	0 L R  0.286   3.7
   1  0 -37.77   2	1 L L  1.444   9.0
   2  6 -23.02   9	1 L L  0.303  11.4
   3  8 -19.40  14	1 R R  0.132  12.2
   4  4 -28.23   5	0 R L  0.281  13.1
   5  6 -23.09   9	1 R R  0.118  13.8
   6  4 -28.00   5	0 R L  0.272  14.6
   7  6 -24.65   7	1 L L  0.203  15.3
   8  0 -39.37   1	0 L R  0.214  16.1
   9  7 -22.26  10	1 L L  0.106  16.8
  10  0 -39.38   1	1 R R  0.615  17.9
  11  4 -29.98   4	1 R R  0.511  19.0
  12  8 -19.03  14	1 R R  0.178  19.7
  13  0 -37.59   2	0 R L  0.265  20.5
  14  8 -18.08  16	1 R R  0.139  21.2
  15  2 -34.64   2	1 L L  0.212  22.0
  16  0 -39.54   1	1 L L  0.260  22.9
  17  9 -16.95  18	1 L L  0.131  23.5
  18  4 -27.93   5	0 R L  0.534  24.7
  19  6 -23.17   9	1 L L  0.145  25.3
  20  9 -16.14  20	1 L L  0.118  26.0
  21  0 -39.58   1	1 R R  0.518  27.1
  22  0 -38.84   1	1 R R  0.189  27.9
  23  7 -21.27  11	1 R R  1.923  30.5
  24  2 -33.00   3	1 L L  0.336  31.4
