   0  0 -38.80   1	1 L L  0.403   5.9
   1  4 -28.74   5	1 R R  0.177   6.6
   2  9 -16.92  18	1 R R  0.107   7.3
   3  9 -16.38  19	1 R R  0.070   7.9
   4  5 -27.08   6	1 L L  0.275   8.7
   5  7 -20.92  11	1 R R  0.105   9.5
   6  1 -36.19   2	0 L R  0.337  10.3
   7  2 -33.74   3	1 R R  0.285  11.1
   8  5 -25.39   7	1 L L  0.105  11.8
   9  3 -32.48   3	1 L L  0.225  12.6
  10  4 -28.39   5	1 R R  0.152  13.3
  11  2 -34.47   2	0 R L  0.194  14.0
  12  2 -34.99   2	0 R L  0.202  14.7
  13  1 -35.75   2	0 L R  0.092  15.9
  14  4 -28.63   5	1 L L  0.333  16.8
  15  1 -35.58   2	0 L R  0.213  17.6
  16  7 -20.75  12	1 R R  0.128  18.3
  17  0 -38.78   1	1 R R  0.316  19.2
  18  1 -35.27   2	1 R R  0.214  19.9
  19  5 -27.35   5	1 R R  0.238  20.7
  20  3 -30.79   4	0 R L  0.261  21.5
  21  2 -32.90   3	1 L L  0.239  22.3
  22  8 -18.58  15	1 L L  0.190  23.0
  23  7 -21.87  10	1 L L  0.143  23.7
  24  6 -23.37   9	1 R R  0.192  24.4
