   0  1 -37.48   2	1 R R  0.303   8.4
   1  1 -35.61   2	1 R R  0.178   9.2
   2  7 -20.57  12	0 R L  0.287  10.0
   3  7 -21.93  10	1 R R  0.107  10.7
   4  5 -26.91   6	1 R R  0.826  13.1
   5  3 -30.95   4	0 R L  0.357  14.0
   6  5 -27.23   6	0 R L  0.223  14.7
   7  9 -16.50  19	1 L L  0.226  15.5
   8  0 -39.37   1	0 R L  0.179  16.1
   9  4 -28.80   5	0 L R  0.178  16.8
  10  8 -18.42  15	1 L L  0.129  17.5
  11  0 -39.89   1	0 L R  0.201  18.2
  12  8 -18.17  16	1 R R  0.207  18.8
  13  3 -31.14   4	1 R R  0.226  19.6
  14  9 -16.98  18	1 R R  0.239  20.3
  15  1 -36.73   2	0 L R  0.202  21.0
  16  6 -23.37   9	1 L L  0.155  21.7
  17  0 -37.63   2	1 R R  0.177  22.4
  18  0 -37.71   2	0 R L  0.130  23.1
  19  8 -17.93  16	1 R R  0.166  23.8
  20  9 -15.64  21	1 R R  0.262  24.6
  21  7 -22.18  10	0 R L  0.225  25.3
  22  0 -38.34   2	0 R L  0.418  26.3
  23  5 -25.28   7	0 L R  0.201  27.0
  24  9 -16.10  20	1 R R  0.261  28.0
