   0  1 -36.08   2	1 R R  0.343  12.4
   1  9 -16.07  20	1 R R  0.119  13.1
   2  1 -35.87   2	1 R R  0.154  13.8
   3  0 -38.42   2	0 L R  0.260  14.7
   4  9 -16.10  20	1 R R  0.217  15.5
   5  2 -34.60   2	0 L R  0.234  16.3
   6  1 -36.02   2	0 R L  0.396  17.2
   7  3 -30.17   4	1 R R  0.214  18.0
   8  9 -15.51  21	1 L L  0.153  18.7
   9  8 -19.50  14	1 L L  0.247  19.5
  10  8 -19.52  13	1 R R  0.249  20.4
  11  1 -36.30   2	0 L R  0.266  21.3
  12  0 -38.89   1	0 R L  0.263  22.1
  13  9 -15.10  22	1 L L  0.203  23.0
  14  2 -34.46   2	0 R L  0.260  23.9
  15  5 -25.36   7	1 R R  0.141  24.6
  16  6 -23.31   9	1 R R  0.322  25.5
  17  8 -17.89  16	1 L L  0.142  26.2
  18  7 -20.10  13	1 R R  0.224  27.0
  19  5 -27.13   6	1 R R  0.107  27.7
  20  0 -38.25   2	1 R R  0.335  28.6
  21  1 -37.11   2	0 R L  0.156  29.3
  22  4 -29.86   4	0 L R  0.164  30.0
  23  5 -25.87   6	1 L L  0.236  30.8
  24  5 -26.71   6	0 R L  0.320  31.6
