   0  6 -22.57   9	1 R R  0.462   5.9
   1  3 -32.13   3	1 R R  0.355   6.9
   2  5 -26.23   6	0 R L  0.212   7.7
   3  6 -23.35   9	0 L R  0.353   8.7
   4  7 -20.93  11	1 R R  0.440   9.8
   5  0 -38.48   2	1 L L  0.213  10.7
   6  8 -18.99  14	1 R R  0.248  11.7
   7  9 -16.38  19	1 L L  0.179  12.5
   8  6 -23.27   9	1 L L  0.560  13.7
   9  1 -35.75   2	0 L R  0.304  14.6
  10  4 -29.28   4	1 R R  0.302  15.5
  11  2 -33.15   3	0 R L  0.156  16.3
  12  5 -26.13   6	1 L L  0.332  17.2
  13  8 -18.84  15	1 R R  0.314  18.1
  14  3 -32.18   3	1 L L  0.276  19.0
  15  3 -31.49   3	1 R R  0.193  19.8
  16  6 -22.96   9	0 R L  0.144  20.6
  17  3 -30.59   4	0 R L  0.416  21.7
  18  7 -20.58  12	1 R R  0.094  22.4
  19  9 -17.05  18	1 L L  0.190  23.2
  20  6 -25.00   7	1 L L  0.397  24.2
  21  8 -19.48  14	1 R R  0.204  24.9
  22  4 -28.00   5	0 L R  0.732  26.3
  23  2 -34.40   2	1 L L  0.229  27.1
  24  5 -27.34   5	0 L R  0.167  27.9
