   0  5 -26.12   6	1 R R  0.289  18.9
   1  4 -27.67   5	1 R R  0.199  19.6
   2  1 -35.04   2	0 L R  0.260  20.5
   3  5 -25.04   7	1 L L  0.132  21.2
   4  6 -24.98   7	1 R R  0.130  21.9
   5  4 -29.72   4	1 R R  0.213  22.6
   6  6 -23.18   9	1 R R  0.188  23.4
   7  0 -39.08   1	0 R L  0.333  24.3
   8  5 -25.36   7	1 L L  0.274  25.2
   9  3 -31.68   3	1 L L  0.376  26.1
  10  3 -30.13   4	1 R R  0.213  26.9
  11  8 -19.07  14	1 L L  0.166  27.6
  12  0 -38.51   2	0 R L  0.225  28.4
  13  7 -21.49  11	1 L L  0.215  29.2
  14  5 -27.34   5	1 R R  0.238  30.0
  15  6 -23.77   8	1 L L  0.119  30.7
  16  0 -38.63   1	0 L R  0.299  31.6
  17  2 -34.78   2	1 R R  0.347  32.5
  18  6 -23.98   8	1 R R  0.202  33.2
  19  0 -39.72   1	1 R R  0.272  34.1
  20  3 -31.90   3	1 L L  0.129  34.8
  21  9 -16.99  18	1 L L  0.262  35.7
  22  9 -15.16  22	1 L L  0.106  36.4
  23  8 -18.65  15	1 L L  0.107  37.0
  24  7 -20.82  12	1 L L  0.107  37.8
