   0  9 -16.14  20	1 R R  0.129   5.0
   1  9 -16.99  18	1 L L  0.119   5.7
   2  7 -22.03  10	1 R R  0.131   6.5
   3  5 -26.64   6	1 R R  0.188   7.4
   4  3 -31.70   3	1 R R  0.308   8.3
   5  7 -20.30  12	1 R R  0.144   9.1
   6  3 -30.09   4	1 R R  0.140   9.9
   7  9 -16.68  19	1 L L  0.129  10.6
   8  8 -19.94  13	1 L L  0.106  11.3
   9  9 -15.76  21	1 R R  0.141  12.1
  10  6 -23.40   9	1 L L  0.105  12.9
  11  2 -34.77   2	1 L L  0.237  13.8
  12  7 -20.52  12	1 L L  0.153  14.5
  13  3 -31.84   3	0 R L  0.734  15.9
  14  5 -25.91   6	1 L L  0.190  16.7
  15  2 -34.47   2	1 L L  0.394  17.7
  16  3 -30.12   4	1 L L  0.295  18.6
  17  5 -27.37   5	1 L L  0.215  19.4
  18  8 -18.17  16	1 L L  0.095  20.2
  19  8 -18.62  15	1 R R  0.143  20.9
  20  0 -38.67   1	0 L R  0.191  21.7
  21  7 -22.00  10	1 L L  0.154  22.5
  22  6 -24.54   8	1 L L  0.169  23.3
  23  5 -25.50   7	1 L L  0.157  24.1
  24  4 -29.44   4	1 R R  0.215  25.0
