   0  1 -37.35   2	0 L R  0.225   4.7
   1  1 -37.31   2	1 L L  0.165   5.5
   2  5 -26.88   6	1 R R  0.129   6.2
   3  3 -31.02   4	0 R L  0.261   7.1
   4  4 -27.98   5	1 R R  0.280   8.1
   5  9 -16.03  20	1 R R  0.178   8.9
   6  7 -21.61  11	1 R R  0.189   9.7
   7  3 -32.45   3	0 R L  0.512  10.9
   8  2 -33.11   3	0 L R  0.248  11.7
   9  1 -36.34   2	0 L R  0.299  12.6
  10  3 -32.21   3	1 R R  0.322  13.4
  11  2 -34.27   2	0 R L  0.132  14.2
  12  1 -36.21   2	0 L R  0.166  15.0
  13  4 -27.69   5	1 L L  0.200  15.7
  14  8 -18.41  15	1 R R  0.188  16.5
  15  8 -19.29  14	1 L L  0.251  17.3
  16  9 -17.15  18	1 R R  0.142  18.0
  17  4 -29.71   4	0 L R  0.285  18.8
  18  6 -24.47   8	1 L L  0.177  19.6
  19  2 -33.22   3	1 R R  0.154  20.3
  20  4 -27.79   5	1 L L  0.168  21.1
  21  6 -22.98   9	1 R R  0.154  21.8
  22  1 -35.25   2	1 R R  0.345  22.8
  23  2 -33.02   3	0 R L  0.224  23.6
  24  6 -24.10   8	1 R R  0.153  24.3
