   0  1 -36.00   2	0 R L  0.451   6.3
   1  5 -27.46   5	0 R L  0.204   7.2
   2  0 -38.91   1	0 L R  0.240   8.0
   3  4 -29.73   4	1 R R  0.284   8.9
   4  9 -15.29  22	1 R R  0.213   9.9
   5  3 -31.89   3	0 R L  0.441  10.9
   6  1 -35.72   2	0 L R  0.332  11.8
   7  5 -26.92   6	0 R L  0.273  12.6
   8  4 -29.42   4	1 R R  0.168  13.3
   9  4 -29.69   4	0 L R  0.236  14.1
  10  9 -17.44  17	1 L L  0.311  15.0
  11  9 -16.43  19	1 R R  0.154  15.8
  12  1 -36.98   2	1 R R  0.465  16.8
  13  6 -24.37   8	1 L L  0.200  17.6
  14  9 -16.10  20	1 R R  0.165  18.4
  15  3 -32.23   3	1 R R  0.485  19.5
  16  7 -20.65  12	1 R R  0.295  20.5
  17  3 -30.68   4	0 R L  0.284  21.3
  18  9 -17.15  18	1 R R  0.128  22.1
  19  2 -34.69   2	0 L R  0.295  23.0
  20  5 -25.34   7	0 R L  0.296  23.8
  21  9 -16.81  18	1 L L  0.314  24.7
  22  8 -17.64  17	1 L L  0.203  25.6
  23  8 -18.02  16	1 R R  0.225  26.5
  24  6 -22.57   9	1 L L  0.251  27.4
