   0  0 -39.55   1	0 L R  1.289  19.7
   1  9 -15.02  23	1 R R  0.215  20.6
   2  9 -17.12  18	1 R R  0.154  21.3
   3  3 -30.71   4	1 L L  0.321  22.2
   4  8 -18.44  15	1 L L  0.191  23.0
   5  4 -29.05   4	1 L L  0.519  24.1
   6  4 -29.30   4	1 L L  0.250  24.9
   7  2 -34.57   2	1 L L  0.328  25.8
   8  6 -23.02   9	1 R R  0.108  26.5
   9  3 -30.42   4	0 L R  0.262  27.4
  10  4 -27.71   5	1 L L  0.230  28.2
  11  8 -17.91  16	1 R R  0.084  28.9
  12  5 -25.25   7	1 R R  0.141  29.6
  13  4 -28.29   5	1 R R  0.239  30.4
  14  8 -19.40  14	1 R R  0.178  31.2
  15  3 -32.48   3	1 L L  0.203  32.0
  16  8 -19.94  13	1 R R  0.104  32.7
  17  9 -16.49  19	1 L L  0.141  33.4
  18  1 -36.01   2	0 R L  0.285  34.3
  19  4 -28.20   5	0 L R  0.333  35.2
  20  2 -34.29   2	1 L L  0.107  35.9
  21  9 -16.55  19	1 L L  0.204  36.7
  22  4 -28.38   5	1 L L  0.205  37.4
  23  5 -26.42   6	1 L L  0.369  38.4
  24  9 -15.56  21	1 R R  0.130  39.1
