   0  8 -19.53  13	1 R R  0.117   4.2
   1  4 -28.47   5	1 R R  0.236   5.0
   2  9 -15.95  20	1 L L  0.118   5.7
   3  9 -16.69  19	1 L L  0.118   6.4
   4  0 -39.34   1	1 L L  0.514   7.5
   5  7 -20.26  12	1 L L  0.166   8.3
   6  6 -23.29   9	1 L L  0.178   9.0
   7  5 -25.39   7	1 L L  0.131   9.8
   8  6 -23.52   9	1 R R  0.222  10.6
   9  5 -25.37   7	1 L L  0.249  11.5
  10  6 -23.30   9	1 R R  0.131  12.2
  11  3 -30.04   4	1 R R  0.235  13.1
  12  0 -38.73   1	0 R L  0.274  13.9
  13  5 -26.50   6	1 R R  0.108  14.7
  14  8 -19.40  14	1 R R  0.144  15.4
  15  6 -23.36   9	1 L L  0.166  16.2
  16  5 -25.80   7	1 L L  0.204  17.1
  17  7 -20.06  13	1 L L  0.105  17.7
  18  4 -28.95   5	1 R R  0.201  18.6
  19  3 -30.17   4	0 L R  0.403  19.6
  20  8 -18.45  15	1 R R  0.193  20.4
  21  8 -17.53  17	1 L L  0.145  21.2
  22  2 -34.95   2	1 L L  0.414  22.2
  23  7 -20.80  12	1 L L  0.273  23.0
  24  5 -26.12   6	1 L L  0.200  23.8
