   0  9 -15.81  21	1 R R  0.238   9.3
   1  1 -36.30   2	1 R R  0.299  10.2
   2  7 -20.59  12	1 R R  0.238  11.2
   3  6 -23.30   9	1 L L  0.190  12.0
   4  3 -30.37   4	1 L L  0.274  12.9
   5  6 -22.93   9	0 L R  0.119  13.6
   6  0 -39.90   1	0 R L  0.177  14.4
   7  1 -36.89   2	1 R R  0.190  15.2
   8  4 -28.03   5	1 L L  0.261  16.2
   9  7 -22.29  10	0 L R  0.179  17.0
  10  9 -15.45  22	1 L L  0.202  17.9
  11  9 -15.75  21	1 R R  0.144  18.6
  12  1 -35.15   2	0 L R  0.296  19.5
  13  9 -15.89  20	1 L L  0.104  20.2
  14  4 -28.18   5	1 R R  0.342  21.2
  15  0 -39.05   1	1 L L  0.190  21.9
  16  5 -26.24   6	1 R R  0.248  22.8
  17  9 -15.61  21	1 R R  0.202  23.5
  18  4 -28.09   5	1 R R  0.321  24.4
  19  7 -21.66  11	1 R R  0.358  25.4
  20  6 -23.62   8	0 R L  0.408  26.5
  21  9 -15.22  22	1 L L  0.202  27.3
  22  7 -21.00  11	1 R R  0.252  28.1
  23  2 -33.39   3	1 R R  0.395  29.1
  24  0 -38.35   2	0 R L  0.176  29.8
