   0  6 -24.48   8	1 R R  0.249   8.1
   1  7 -20.65  12	1 R R  0.176   8.8
   2  4 -28.82   5	0 L R  0.189   9.6
   3  2 -34.05   3	1 L L  0.338  10.6
   4  6 -23.57   8	1 R R  0.272  11.4
   5  6 -23.96   8	1 L L  0.310  12.3
   6  5 -25.94   6	0 L R  0.262  13.1
   7  8 -17.94  16	1 R R  0.224  13.9
   8  5 -27.46   5	1 L L  0.285  14.8
   9  5 -25.01   7	0 L R  0.229  15.5
  10  4 -29.64   4	0 R L  0.237  16.3
  11  4 -28.52   5	1 L L  0.333  17.2
  12  8 -18.81  15	1 L L  0.190  17.9
  13  6 -24.76   7	1 L L  0.361  18.9
  14  7 -20.82  12	1 L L  0.295  19.7
  15  3 -30.39   4	0 R L  0.274  20.6
  16  1 -36.55   2	0 L R  0.408  21.6
  17  3 -31.88   3	1 L L  0.218  22.4
  18  2 -33.93   3	1 R R  0.308  23.2
  19  7 -22.45  10	1 R R  0.344  24.1
  20  0 -38.53   2	0 R L  0.273  25.0
  21  7 -20.47  12	1 L L  0.448  26.1
  22  8 -18.54  15	1 L L  0.335  27.0
  23  1 -35.34   2	0 R L  0.311  27.9
  24  4 -29.99   4	1 L L  0.204  28.7
