   0  7 -20.55  12	1 L L  0.240   9.7
   1  5 -25.49   7	1 L L  0.251  10.6
   2  3 -31.59   3	0 R L  0.262  11.5
   3  5 -27.11   6	1 L L  0.235  12.3
   4  0 -37.92   2	0 L R  0.178  13.1
   5  7 -20.82  12	0 R L  0.142  13.9
   6  4 -27.84   5	0 L R  0.391  15.1
   7  1 -36.81   2	1 L L  0.247  16.0
   8  6 -22.64   9	1 L L  0.319  17.0
   9  6 -24.11   8	1 R R  0.384  18.0
  10  0 -39.56   1	0 L R  0.367  19.0
  11  8 -19.86  13	1 R R  0.228  19.8
  12  2 -32.90   3	1 R R  0.227  20.6
  13  7 -22.16  10	1 R R  0.355  21.5
  14  4 -28.93   5	0 L R  0.337  22.5
  15  5 -26.02   6	1 L L  0.418  23.6
  16  3 -32.41   3	1 L L  0.382  24.6
  17  2 -33.00   3	0 L R  0.165  25.4
  18  7 -22.10  10	1 L L  0.175  26.2
  19  9 -15.46  21	1 L L  0.165  27.0
  20  7 -21.93  10	1 L L  0.203  27.8
  21  5 -27.11   6	1 R R  0.300  28.8
  22  6 -23.38   9	1 L L  0.228  29.6
  23  2 -33.36   3	0 L R  0.143  30.4
  24  8 -18.61  15	1 L L  0.225  31.2
