   0  2 -33.43   3	0 L R  0.421   9.1
   1  5 -26.40   6	1 L L  0.356  10.0
   2  1 -35.57   2	1 L L  0.406  11.0
   3  9 -15.88  20	1 R R  0.108  11.7
   4  1 -35.88   2	0 L R  0.177  12.5
   5  3 -32.33   3	0 L R  0.405  13.5
   6  9 -16.21  20	1 R R  0.169  14.2
   7  8 -18.30  16	1 R R  0.142  14.9
   8  9 -15.36  22	1 L L  0.142  15.6
   9  1 -37.28   2	1 L L  0.335  16.5
  10  9 -16.88  18	1 R R  0.117  17.2
  11  9 -16.95  18	1 R R  0.130  17.9
  12  4 -29.63   4	1 R R  0.128  18.5
  13  4 -27.86   5	1 L L  0.325  19.4
  14  4 -29.45   4	0 L R  0.177  20.2
  15  6 -24.66   7	1 R R  0.336  21.1
  16  8 -19.03  14	1 L L  0.204  21.9
  17  2 -34.62   2	0 L R  0.093  22.6
  18  2 -34.08   3	1 R R  0.463  23.7
  19  1 -36.56   2	0 R L  0.142  24.3
  20  6 -23.11   9	1 L L  0.273  25.2
  21  7 -21.89  10	1 R R  0.238  26.0
  22  9 -17.01  18	1 R R  0.188  26.7
  23  6 -24.91   7	1 R R  0.201  27.5
  24  6 -22.98   9	1 R R  0.225  28.3
