   0  4 -27.70   5	0 L R  0.428  12.1
   1  7 -22.25  10	1 L L  0.288  13.0
   2  9 -16.23  20	1 L L  0.201  13.9
   3  9 -15.95  20	1 L L  0.131  14.6
   4  0 -38.97   1	0 L R  0.274  15.5
   5  1 -35.41   2	1 L L  0.117  16.2
   6  2 -32.83   3	0 R L  0.270  17.2
   7  1 -35.32   2	1 R R  0.205  18.0
   8  1 -35.62   2	0 R L  0.240  18.8
   9  0 -38.27   2	1 L L  0.204  19.7
  10  8 -18.27  16	1 R R  0.143  20.5
  11  2 -34.39   2	0 L R  0.445  21.5
  12  7 -20.66  12	0 R L  0.164  22.2
  13  3 -30.87   4	0 R L  0.323  23.3
  14  7 -21.00  11	1 R R  0.176  24.1
  15  4 -29.69   4	0 R L  0.359  25.1
  16  4 -28.35   5	1 L L  0.524  26.2
  17  1 -37.19   2	1 R R  0.394  27.2
  18  5 -26.69   6	1 L L  0.237  28.0
  19  8 -19.57  13	1 L L  0.357  28.9
  20  6 -24.60   8	1 L L  0.598  30.2
  21  0 -38.84   1	0 L R  0.238  31.0
  22  6 -24.19   8	0 R L  0.140  31.7
  23  0 -38.60   1	1 L L  0.303  32.6
  24  6 -24.73   7	1 R R  0.250  33.5
