   0  5 -27.10   6	1 R R  0.237   3.2
   1  2 -34.45   2	0 L R  0.178   3.9
   2  1 -35.02   2	1 L L  0.130   4.6
   3  9 -15.45  22	1 L L  0.216   5.3
   4  5 -27.00   6	0 R L  0.165   6.0
   5  1 -35.40   2	1 R R  0.240   6.8
   6  7 -20.51  12	0 R L  0.188   7.5
   7  1 -35.63   2	1 L L  0.344   8.5
   8  9 -15.59  21	1 L L  0.288   9.3
   9  8 -19.33  14	1 L L  0.308  10.2
  10  7 -22.22  10	1 R R  0.370  11.1
  11  7 -20.64  12	1 R R  0.433  12.1
  12  8 -19.70  13	1 R R  0.369  13.0
  13  1 -36.26   2	0 R L  0.335  13.8
  14  0 -37.95   2	1 R R  0.308  14.6
  15  2 -32.70   3	0 R L  0.368  15.5
  16  6 -22.66   9	0 L R  0.424  16.5
  17  6 -24.85   7	1 L L  0.527  17.5
  18  6 -22.56   9	1 R R  0.309  18.4
  19  0 -39.95   1	1 L L  0.940  19.9
  20  8 -18.93  14	1 R R  0.284  20.8
  21  7 -21.88  10	0 L R  0.670  22.0
  22  8 -18.33  15	1 L L  0.307  22.8
  23  1 -35.33   2	1 R R  0.488  23.9
  24  7 -21.83  10	1 R R  0.535  24.9
