   0  2 -34.84   2	0 L R  0.345   5.9
   1  2 -33.99   3	0 R L  0.224   6.7
   2  6 -23.73   8	0 L R  0.311   7.6
   3  0 -37.65   2	0 R L  0.359   8.6
   4  8 -19.10  14	1 R R  0.129   9.3
   5  5 -26.95   6	0 L R  0.248  10.2
   6  2 -32.61   3	1 R R  0.330  11.1
   7  1 -35.31   2	0 R L  0.249  12.0
   8  3 -30.89   4	0 R L  0.443  13.0
   9  7 -21.28  11	1 L L  0.356  13.9
  10  9 -16.92  18	1 L L  0.140  14.6
  11  9 -16.16  20	1 R R  0.165  15.4
  12  4 -29.26   4	1 R R  0.414  16.4
  13  6 -22.85   9	1 R R  0.297  17.3
  14  1 -35.42   2	1 L L  0.226  18.1
  15  2 -32.74   3	0 L R  0.250  18.9
  16  4 -28.17   5	1 L L  0.189  19.7
  17  9 -15.63  21	1 R R  0.094  20.4
  18  6 -23.40   9	1 R R  0.153  21.1
  19  8 -19.78  13	1 R R  0.176  21.9
  20  6 -22.71   9	1 L L  0.214  22.8
  21  1 -35.28   2	0 R L  0.299  23.7
  22  0 -38.81   1	1 R R  0.212  24.5
  23  1 -35.38   2	1 L L  0.348  25.4
  24  6 -23.50   9	1 R R  0.252  26.3
