   0  6 -24.11   8	1 R R  0.188   3.2
   1  8 -18.37  15	1 R R  0.107   3.9
   2  1 -37.31   2	0 L R  0.128   4.6
   3  7 -21.37  11	1 L L  0.106   5.3
   4  7 -20.51  12	1 L L  0.131   6.0
   5  4 -29.79   4	1 R R  0.250   6.9
   6  6 -24.92   7	1 R R  0.178   7.6
   7  3 -32.30   3	1 L L  0.189   8.4
   8  9 -15.99  20	1 L L  0.175   9.1
   9  7 -21.62  11	1 R R  0.169   9.9
  10  4 -28.95   5	1 R R  0.214  10.7
  11  3 -30.24   4	1 L L  0.237  11.5
  12  2 -32.54   3	1 R R  0.189  12.3
  13  8 -19.23  14	1 L L  0.164  13.1
  14  0 -37.97   2	0 R L  0.229  13.9
  15  6 -24.92   7	1 R R  0.153  14.6
  16  5 -25.95   6	1 R R  0.129  15.3
  17  0 -39.73   1	0 R L  0.408  16.3
  18  3 -31.45   3	1 L L  0.273  17.2
  19  4 -28.69   5	1 L L  0.429  18.1
  20  5 -25.46   7	1 R R  0.154  18.8
  21  2 -33.17   3	1 L L  0.178  19.5
  22  0 -38.64   1	1 L L  0.436  20.6
  23  1 -35.05   2	0 L R  0.204  21.3
  24  7 -21.70  10	1 R R  0.499  22.4
