   0  1 -37.35   2	1 R R  0.287  21.5
   1  9 -17.02  18	1 R R  0.168  22.3
   2  1 -37.48   2	0 R L  0.251  23.2
   3  6 -23.15   9	1 L L  0.335  24.1
   4  6 -24.21   8	0 L R  0.237  25.1
   5  0 -37.89   2	1 R R  0.357  26.0
   6  8 -17.93  16	1 L L  0.165  26.7
   7  7 -20.40  12	1 R R  0.119  27.4
   8  5 -26.09   6	1 R R  0.107  28.1
   9  3 -31.88   3	0 R L  0.449  29.1
  10  4 -27.98   5	1 R R  0.165  29.9
  11  0 -38.64   1	0 L R  0.248  30.8
  12  1 -35.01   2	0 L R  0.415  31.8
  13  6 -23.91   8	0 R L  0.247  32.6
  14  9 -16.19  20	1 R R  0.131  33.4
  15  7 -21.34  11	1 R R  0.226  34.2
  16  6 -24.69   7	1 R R  0.359  35.2
  17  9 -17.32  17	1 R R  0.229  35.9
  18  3 -31.44   3	0 R L  0.445  37.0
  19  9 -16.51  19	1 L L  0.309  37.9
  20  4 -28.73   5	1 L L  0.466  38.9
  21  4 -28.22   5	1 R R  0.482  40.3
  22  6 -22.85   9	1 L L  0.285  41.2
  23  5 -26.64   6	1 R R  0.225  42.0
  24  6 -24.80   7	1 L L  0.227  42.7
