   0  7 -21.57  11	1 R R  0.131   2.4
   1  3 -31.21   4	1 R R  0.332   3.3
   2  7 -22.18  10	1 L L  0.093   4.0
   3  7 -21.50  11	1 L L  0.201   4.8
   4  5 -26.69   6	0 L R  0.179   5.6
   5  1 -36.42   2	1 L L  0.287   6.4
   6  0 -37.60   2	1 L L  0.271   7.4
   7  8 -17.67  17	1 L L  0.189   8.2
   8  5 -27.00   6	1 R R  0.142   8.9
   9  7 -22.26  10	1 L L  0.116   9.6
  10  4 -29.65   4	1 R R  0.166  10.4
  11  5 -26.91   6	1 R R  0.298  11.2
  12  5 -25.07   7	1 L L  0.154  11.9
  13  7 -21.33  11	1 R R  0.129  12.6
  14  2 -34.23   2	1 R R  0.501  13.7
  15  4 -29.78   4	1 L L  0.260  14.6
  16  5 -26.49   6	1 L L  0.309  15.4
  17  1 -36.69   2	0 L R  0.358  16.4
  18  3 -30.79   4	1 L L  0.168  17.1
  19  1 -36.12   2	1 L L  0.337  18.0
  20  7 -22.25  10	1 R R  0.141  18.7
  21  1 -37.36   2	0 R L  0.248  19.5
  22  0 -40.00   1	0 L R  0.345  20.4
  23  8 -18.92  14	1 R R  0.187  21.2
  24  9 -16.26  20	1 R R  0.140  21.9
