   0  2 -32.86   3	1 L L  0.634   6.4
   1  0 -38.10   2	0 L R  0.201   7.1
   2  6 -22.57   9	1 L L  0.345   7.9
   3  8 -19.72  13	1 R R  0.262   8.6
   4  2 -34.93   2	1 R R  0.481   9.5
   5  6 -23.92   8	1 R R  0.287  10.2
   6  2 -34.48   2	1 L L  0.118  10.8
   7  5 -27.12   6	0 L R  0.142  11.4
   8  1 -36.12   2	1 R R  0.259  12.2
   9  5 -26.99   6	1 L L  0.131  12.8
  10  0 -38.11   2	1 R R  0.155  13.4
  11  7 -20.46  12	1 R R  0.179  14.0
  12  3 -30.35   4	1 R R  0.191  14.7
  13  4 -29.11   4	1 L L  0.250  15.5
  14  3 -30.07   4	1 R R  0.119  16.2
  15  8 -19.52  13	0 L R  0.145  16.9
  16  3 -30.52   4	1 R R  0.082  17.4
  17  0 -37.61   2	0 L R  0.141  18.1
  18  0 -37.87   2	1 L L  0.272  19.0
  19  5 -26.62   6	1 R R  0.635  20.2
  20  8 -18.96  14	1 R R  0.226  21.2
  21  4 -29.10   4	1 L L  0.424  22.1
  22  1 -35.38   2	0 L R  0.311  23.1
  23  5 -25.36   7	1 L L  0.383  24.3
  24  8 -18.35  15	1 L L  0.320  25.3
