   0  3 -31.86   3	1 R R  0.620   7.8
   1  9 -16.58  19	1 R R  0.165   8.4
   2  0 -37.91   2	1 L L  0.398   9.2
   3  9 -17.14  18	1 L L  0.141   9.8
   4  0 -39.65   1	0 L R  0.355  10.6
   5  9 -15.28  22	1 R R  0.154  11.2
   6  9 -17.41  17	1 R R  0.309  12.6
   7  5 -25.67   7	1 R R  1.034  14.0
   8  3 -31.37   3	1 L L  0.450  14.9
   9  8 -18.15  16	1 R R  0.429  15.8
  10  1 -35.16   2	0 L R  0.300  16.5
  11  9 -17.32  17	1 R R  0.337  17.2
  12  9 -17.43  17	1 L L  0.190  17.8
  13  7 -20.07  13	0 R L  0.479  18.7
  14  9 -15.31  22	1 L L  0.199  19.3
  15  5 -25.37   7	0 L R  0.355  20.1
  16  9 -17.33  17	1 L L  0.225  21.5
  17  0 -37.85   2	1 R R  0.342  22.3
  18  0 -37.89   2	1 L L  0.766  23.5
  19  4 -28.66   5	0 L R  0.372  24.4
  20  3 -30.72   4	0 L R  0.335  25.4
  21  6 -23.26   9	1 L L  0.375  26.1
  22  2 -33.10   3	1 R R  0.226  26.8
  23  7 -21.33  11	0 R L  0.336  27.5
  24  8 -17.91  16	0 R L  0.265  28.3
