   0  0 -37.84   2	1 R R  0.986   6.8
   1  1 -36.28   2	1 L L  0.272   7.5
   2  2 -33.25   3	0 R L  0.455   8.9
   3  8 -17.82  16	1 L L  0.150   9.4
   4  9 -15.14  22	1 R R  0.130  10.0
   5  0 -38.91   1	1 R R  0.356  10.8
   6  7 -21.14  11	1 L L  0.240  11.5
   7  3 -32.34   3	0 L R  0.144  12.1
   8  8 -17.95  16	1 R R  0.274  12.8
   9  0 -38.67   1	0 L R  0.483  13.9
  10  7 -21.66  11	1 L L  0.227  14.5
  11  1 -35.47   2	0 L R  0.312  15.3
  12  4 -29.38   4	0 L R  0.275  16.0
  13  9 -16.54  19	1 R R  0.274  16.7
  14  9 -15.10  22	1 R R  0.344  17.5
  15  9 -16.11  20	1 R R  0.249  18.1
  16  1 -35.57   2	1 R R  0.547  19.1
  17  2 -32.95   3	0 L R  0.235  19.8
  18  2 -32.85   3	0 R L  0.675  20.9
  19  5 -25.86   6	0 R L  0.059  21.4
  20  3 -30.04   4	1 R R  0.155  22.1
  21  5 -25.94   6	0 L R  0.254  22.8
  22  9 -16.96  18	1 L L  0.239  23.5
  23  7 -21.87  10	1 R R  0.371  24.4
  24  3 -30.93   4	1 R R  0.445  25.2
