   0  0 -38.68   1	0 R L  1.226  14.3
   1  3 -30.75   4	1 R R  0.367  15.1
   2  0 -38.59   1	1 R R  0.797  16.4
   3  3 -30.48   4	0 R L  0.345  17.3
   4  0 -39.76   1	1 L L  0.653  18.5
   5  8 -17.88  16	1 R R  0.192  19.2
   6  3 -30.59   4	0 L R  0.357  20.0
   7  2 -33.88   3	0 R L  0.546  21.0
   8  3 -30.65   4	1 L L  0.309  21.8
   9  9 -16.92  18	1 L L  0.202  22.4
  10  2 -34.37   2	1 R R  0.888  23.8
  11  7 -21.41  11	1 L L  0.193  24.6
  12  2 -34.10   3	0 L R  0.663  25.7
  13  1 -35.01   2	1 L L  0.465  26.6
  14  1 -35.37   2	0 L R  0.512  27.6
  15  5 -25.49   7	1 L L  0.188  28.6
  16  6 -24.29   8	1 R R  0.202  29.3
  17  4 -27.53   5	0 R L  1.299  31.0
  18  4 -27.82   5	1 R R  0.214  32.0
  19  1 -37.29   2	0 L R  0.593  33.0
  20  7 -20.77  12	1 L L  0.106  33.6
  21  4 -28.12   5	1 L L  0.236  34.3
  22  0 -39.90   1	0 L R  0.297  35.1
  23  6 -23.58   8	1 R R  0.213  35.9
  24  6 -24.34   8	1 L L  0.228  36.6
