   0  9 -16.76  19	1 R R  0.332   8.9
   1  5 -25.29   7	0 L R  0.455  10.4
   2  8 -18.96  14	1 R R  0.428  11.2
   3  2 -33.28   3	1 R R  0.428  12.1
   4  5 -26.18   6	1 R R  0.379  13.0
   5  2 -33.41   3	1 R R  0.287  13.8
   6  9 -15.68  21	1 L L  0.131  14.4
   7  0 -39.70   1	0 L R  0.165  15.2
   8  7 -21.01  11	1 R R  0.289  15.9
   9  5 -27.14   6	1 R R  0.312  16.7
  10  6 -22.97   9	1 R R  0.426  17.6
  11  9 -17.21  18	1 L L  0.117  18.3
  12  2 -34.58   2	1 R R  0.254  19.0
  13  8 -17.78  16	1 L L  0.213  19.8
  14  4 -29.89   4	1 R R  0.590  20.8
  15  1 -36.53   2	1 R R  0.383  21.8
  16  8 -18.33  15	1 R R  0.153  22.4
  17  8 -19.09  14	1 L L  0.164  23.0
  18  6 -22.70   9	0 L R  0.169  23.6
  19  2 -33.26   3	0 R L  0.332  24.5
  20  6 -24.69   7	0 R L  0.239  25.3
  21  1 -36.12   2	0 L R  0.274  26.1
  22  1 -35.16   2	1 L L  0.299  26.9
  23  3 -32.49   3	0 R L  0.201  27.6
  24  0 -39.37   1	0 L R  0.317  28.8
