   0  9 -15.93  20	1 R R  0.250   4.2
   1  3 -31.09   4	1 R R  0.501   5.2
   2  9 -16.69  19	1 L L  0.070   5.6
   3  1 -35.99   2	1 R R  0.273   6.4
   4  8 -18.35  15	1 L L  0.107   6.9
   5  2 -34.43   2	1 R R  0.210   7.6
   6  8 -18.77  15	1 R R  0.071   8.1
   7  5 -26.53   6	1 L L  0.201   8.8
   8  4 -28.58   5	1 L L  0.191   9.5
   9  1 -37.05   2	0 L R  0.153  10.1
  10  3 -31.48   3	1 R R  0.047  10.7
  11  5 -25.30   7	1 L L  0.165  11.4
  12  8 -17.80  16	1 R R  0.119  12.0
  13  7 -20.81  12	1 L L  0.070  12.5
  14  1 -36.46   2	1 R R  0.046  13.1
  15  4 -28.69   5	1 R R  0.069  13.6
  16  5 -25.79   7	1 R R  0.247  14.3
  17  9 -15.92  20	1 L L  0.082  14.9
  18  4 -28.16   5	0 L R  0.059  15.4
  19  0 -39.45   1	1 R R  0.107  16.0
  20  7 -21.38  11	1 L L  0.046  16.5
  21  3 -31.49   3	1 R R  0.022  17.0
  22  6 -23.76   8	1 L L  0.026  17.6
  23  2 -33.03   3	1 R R  0.241  18.3
  24  7 -20.99  11	1 R R  0.201  19.0
