   0  7 -20.25  12	1 L L  0.169   8.2
   1  2 -33.51   3	0 R L  0.647   9.3
   2  3 -30.50   4	1 L L  0.336  10.1
   3  0 -39.88   1	1 L L  0.601  11.1
   4  4 -29.15   4	1 L L  0.561  12.7
   5  1 -36.36   2	1 L L  0.511  13.7
   6  8 -19.75  13	1 L L  0.131  14.7
   7  2 -33.83   3	0 R L  0.372  15.5
   8  2 -34.40   2	1 L L  0.561  16.6
   9  1 -37.24   2	1 R R  0.568  17.9
  10  9 -15.64  21	1 R R  0.144  18.5
  11  7 -20.39  12	1 R R  0.167  19.2
  12  4 -27.67   5	0 R L  0.860  20.5
  13  6 -22.59   9	1 R R  0.152  21.1
  14  9 -17.47  17	1 L L  0.127  21.7
  15  1 -35.63   2	0 L R  0.633  22.8
  16  3 -30.52   4	0 R L  0.252  23.5
  17  3 -31.91   3	0 L R  0.218  24.3
  18  8 -18.59  15	1 R R  0.253  25.0
  19  6 -24.57   8	1 L L  0.131  25.7
  20  7 -21.17  11	1 R R  0.145  26.3
  21  5 -26.84   6	1 L L  0.598  27.4
  22  2 -32.86   3	0 R L  0.339  28.4
  23  7 -22.11  10	0 L R  0.141  29.1
  24  6 -24.03   8	1 R R  0.119  30.1
