   0  1 -36.71   2	1 R R  0.982   7.7
   1  4 -28.72   5	0 L R  0.793   8.9
   2  0 -39.36   1	1 R R  0.486   9.9
   3  2 -33.99   3	1 R R  0.286  10.6
   4  4 -29.19   4	1 R R  0.601  12.2
   5  1 -35.41   2	1 L L  0.408  13.1
   6  1 -35.95   2	0 L R  0.169  14.0
   7  7 -21.02  11	1 R R  0.315  14.8
   8  6 -24.24   8	0 R L  0.994  16.5
   9  1 -36.77   2	0 L R  0.506  17.6
  10  6 -23.87   8	0 L R  0.441  18.6
  11  2 -32.77   3	0 L R  0.202  19.5
  12  2 -34.16   2	0 L R  0.144  20.3
  13  7 -20.19  12	1 R R  0.403  21.6
  14  0 -37.54   2	0 L R  0.466  23.0
  15  4 -28.11   5	0 L R  0.436  24.2
  16  2 -32.66   3	0 R L  0.939  28.6
  17  2 -33.99   3	0 R L  0.320  29.5
  18  3 -31.90   3	1 L L  0.640  30.6
  19  5 -25.83   7	0 L R  0.214  31.5
  20  4 -29.22   4	1 L L  0.250  32.3
  21  6 -23.64   8	1 R R  0.199  32.9
  22  0 -37.90   2	0 L R  0.322  34.1
  23  1 -36.09   2	0 L R  0.459  35.3
  24  5 -26.41   6	0 L R  0.833  36.9
