   0  4 -29.45   4	1 R R  0.367   4.7
   1  2 -34.93   2	0 L R  0.499   6.0
   2  1 -37.35   2	0 L R  0.250   6.7
   3  7 -20.72  12	1 L L  0.931   8.1
   4  7 -20.09  13	1 R R  0.900   9.7
   5  6 -23.01   9	1 R R  0.676  11.2
   6  5 -26.90   6	1 R R  0.343  12.0
   7  7 -22.00  10	1 L L  0.311  12.9
   8  6 -23.76   8	1 R R  0.263  13.7
   9  5 -25.76   7	1 L L  0.486  14.7
  10  5 -25.23   7	0 L R  0.312  15.6
  11  9 -16.05  20	1 R R  0.180  16.6
  12  6 -24.24   8	1 L L  0.278  17.3
  13  4 -29.95   4	0 L R  0.382  18.2
  14  8 -17.61  17	1 R R  0.156  19.2
  15  6 -24.37   8	0 R L  0.483  20.1
  16  1 -35.21   2	0 L R  0.272  21.0
  17  9 -16.99  18	1 R R  0.069  21.7
  18  1 -37.40   2	0 L R  0.320  22.6
  19  6 -24.69   7	0 L R  0.140  23.4
  20  6 -24.23   8	1 L L  0.142  24.2
  21  4 -29.46   4	1 L L  0.392  25.2
  22  0 -38.23   2	0 L R  0.346  26.3
  23  7 -20.30  12	0 L R  0.442  27.4
  24  6 -23.13   9	1 R R  0.663  28.7
