   0  7 -22.01  10	0 L R  0.323   4.8
   1  7 -21.21  11	1 L L  0.394   5.7
   2  5 -26.64   6	0 L R  0.288   6.4
   3  3 -32.16   3	0 L R  0.321   7.2
   4  6 -22.81   9	1 L L  0.332   8.0
   5  1 -36.48   2	1 R R  0.128   8.7
   6  5 -26.34   6	0 L R  0.360   9.5
   7  2 -33.05   3	0 L R  0.275  10.3
   8  6 -22.55  10	1 L L  0.236  11.2
   9  6 -24.75   7	1 R R  0.260  12.0
  10  1 -35.17   2	0 L R  0.188  12.8
  11  0 -39.56   1	1 L L  0.192  13.5
  12  3 -31.28   3	0 L R  0.058  14.3
  13  7 -21.75  10	0 L R  0.274  15.0
  14  5 -26.60   6	1 R R  0.375  15.9
  15  8 -17.88  16	0 R L  0.119  16.5
  16  1 -37.50   2	0 L R  0.266  18.0
  17  1 -36.73   2	1 R R  0.237  18.7
  18  9 -16.93  18	1 R R  0.261  19.5
  19  4 -29.83   4	0 R L  0.438  20.5
  20  2 -33.33   3	0 L R  0.107  21.0
  21  3 -30.15   4	1 R R  0.071  21.8
  22  2 -34.57   2	1 L L  0.380  22.6
  23  4 -28.86   5	1 R R  0.153  23.4
  24  1 -35.21   2	1 R R  0.141  24.1
