   0  3 -30.92   4	0 L R  0.534   7.3
   1  2 -34.37   2	1 R R  0.582   8.5
   2  3 -32.07   3	0 R L  0.674   9.5
   3  3 -31.46   3	0 R L  0.358  10.4
   4  2 -34.43   2	0 L R  0.439  11.2
   5  8 -17.83  16	1 L L  0.174  11.9
   6  7 -20.19  12	1 L L  0.138  12.4
   7  3 -31.82   3	0 L R  0.346  13.2
   8  7 -21.98  10	1 L L  0.079  13.7
   9  4 -28.23   5	0 R L  0.326  14.5
  10  3 -30.01   4	0 R L  0.166  15.7
  11  9 -16.85  18	1 L L  0.190  16.5
  12  8 -17.68  17	1 L L  0.093  17.0
  13  8 -19.05  14	1 R R  0.223  17.7
  14  1 -35.30   2	1 R R  1.301  19.4
  15  2 -33.23   3	0 R L  0.093  20.1
  16  4 -27.94   5	1 R R  0.571  21.2
  17  1 -35.08   2	0 R L  0.165  21.8
  18  2 -34.10   3	0 R L  0.082  22.4
  19  4 -29.40   4	1 R R  0.215  23.1
  20  9 -16.60  19	1 R R  0.178  23.8
  21  4 -27.82   5	1 R R  0.341  24.7
  22  3 -32.41   3	0 L R  0.383  25.6
  23  2 -34.46   2	0 L R  0.404  26.5
  24  5 -25.93   6	1 L L  0.408  27.4
