   0  7 -20.07  13	1 L L  0.106   4.9
   1  0 -38.15   2	1 R R  0.287   5.6
   2  4 -28.71   5	0 L R  0.335   6.4
   3  4 -29.63   4	1 L L  0.106   6.9
   4  8 -18.03  16	1 L L  0.118   7.6
   5  5 -26.14   6	1 R R  0.260   8.3
   6  9 -15.78  21	1 R R  0.216   8.9
   7  0 -38.43   2	1 L L  0.393  11.0
   8  1 -35.81   2	1 L L  0.226  11.7
   9  3 -31.15   4	1 R R  0.296  12.4
  10  9 -15.40  22	1 R R  0.152  13.1
  11  5 -25.70   7	1 R R  0.164  13.6
  12  2 -32.88   3	1 L L  0.361  14.4
  13  5 -25.01   7	1 R R  0.106  15.0
  14  1 -35.96   2	1 L L  0.263  15.7
  15  8 -18.84  15	1 R R  0.070  16.2
  16  6 -24.27   8	1 L L  0.176  16.8
  17  0 -38.05   2	1 R R  0.366  17.6
  18  8 -19.60  13	1 R R  0.109  18.4
  19  8 -17.87  16	1 L L  0.069  18.9
  20  4 -29.97   4	1 R R  0.298  19.7
  21  2 -34.56   2	0 L R  0.360  20.5
  22  3 -31.69   3	1 R R  0.214  21.2
  23  2 -34.14   3	0 L R  0.192  21.9
  24  3 -31.07   4	1 R R  0.367  22.7
