   0  3 -32.45   3	1 L L  0.750   8.0
   1  1 -36.29   2	0 R L  0.379   8.9
   2  1 -36.93   2	1 L L  0.570   9.9
   3  5 -27.31   5	1 L L  0.643  11.2
   4  1 -35.13   2	1 L L  0.478  12.1
   5  7 -21.51  11	1 L L  0.428  13.0
   6  7 -20.87  12	1 R R  0.319  13.8
   7  5 -26.35   6	0 R L  0.522  14.8
   8  3 -31.29   3	1 R R  0.384  15.6
   9  0 -38.42   2	0 L R  0.225  16.3
  10  0 -38.09   2	0 R L  0.345  17.1
  11  2 -33.55   3	0 R L  0.259  17.9
  12  5 -25.23   7	1 L L  0.264  18.6
  13  7 -22.45  10	1 R R  0.129  19.2
  14  4 -29.08   4	1 R R  0.334  20.1
  15  2 -34.93   2	1 R R  0.360  20.9
  16  0 -37.91   2	0 L R  0.263  21.9
  17  7 -20.61  12	0 R L  0.477  22.9
  18  4 -28.37   5	0 R L  0.322  23.9
  19  3 -32.01   3	1 R R  0.276  24.6
  20  7 -20.45  12	1 R R  0.398  25.5
  21  2 -32.73   3	0 R L  0.568  27.3
  22  4 -28.11   5	0 R L  0.476  28.2
  23  7 -20.27  12	1 L L  0.343  29.1
  24  0 -39.10   1	1 R R  0.593  30.2
