   0  3 -31.62   3	0 L R  0.339   4.0
   1  3 -30.94   4	1 R R  0.307   4.7
   2  6 -22.85   9	0 R L  0.274   5.4
   3  8 -18.94  14	1 L L  0.272   6.1
   4  0 -37.82   2	1 R R  0.263   6.8
   5  9 -16.16  20	1 L L  0.144   7.5
   6  3 -31.04   4	0 L R  0.370   8.3
   7  8 -19.58  13	1 R R  0.226   8.9
   8  5 -26.37   6	1 R R  0.178   9.5
   9  4 -28.71   5	0 L R  0.142  10.0
  10  6 -22.74   9	1 R R  0.259  10.7
  11  0 -37.68   2	0 L R  0.627  11.9
  12  2 -33.11   3	1 R R  0.284  12.6
  13  1 -36.46   2	0 L R  0.117  13.1
  14  3 -30.88   4	0 L R  0.216  13.7
  15  0 -39.19   1	0 L R  0.188  14.4
  16  7 -22.33  10	1 R R  0.168  15.0
  17  1 -35.19   2	1 R R  0.309  15.8
  18  9 -15.79  21	1 L L  0.165  16.5
  19  3 -31.04   4	0 L R  0.299  17.3
  20  9 -15.73  21	1 R R  0.130  17.8
  21  0 -39.11   1	1 R R  0.083  18.4
  22  8 -18.37  15	1 L L  0.141  19.0
  23  7 -22.12  10	1 R R  0.627  20.1
  24  5 -26.57   6	0 L R  0.130  20.7
