   0  3 -31.98   3	1 L L  1.170   5.1
   1  0 -38.30   2	1 R R  0.223   5.8
   2  4 -28.06   5	1 L L  0.368   7.3
   3  5 -26.62   6	0 L R  0.129   7.9
   4  9 -16.54  19	1 L L  0.261   8.6
   5  6 -24.68   7	0 L R  0.436   9.5
   6  9 -15.95  20	1 L L  0.154  10.2
   7  3 -31.74   3	0 L R  0.321  10.9
   8  5 -26.09   6	1 R R  0.154  11.6
   9  4 -28.38   5	1 R R  0.454  12.5
  10  9 -15.68  21	1 L L  0.167  13.1
  11  7 -21.81  10	1 R R  0.189  13.8
  12  3 -31.29   3	1 R R  0.297  14.6
  13  6 -22.53  10	0 L R  0.394  15.7
  14  5 -25.78   7	1 L L  0.213  16.4
  15  6 -23.57   8	0 L R  0.152  17.2
  16  6 -24.54   8	1 R R  0.188  17.9
  17  8 -18.79  15	1 R R  0.226  18.6
  18  5 -26.22   6	0 R L  0.259  19.3
  19  5 -26.13   6	1 R R  0.083  20.0
  20  4 -29.60   4	0 L R  0.213  20.8
  21  3 -30.06   4	1 R R  0.165  21.5
  22  6 -22.85   9	0 R L  0.311  22.3
  23  3 -30.81   4	0 L R  0.297  23.2
  24  1 -36.88   2	0 L R  0.033  23.9
