   0  1 -37.07   2	1 L L  2.344   6.7
   1  8 -19.42  14	1 R R  0.130   7.5
   2  4 -28.32   5	1 R R  0.455   8.4
   3  2 -32.74   3	0 R L  0.525   9.3
   4  0 -38.23   2	0 L R  0.253  10.0
   5  8 -18.06  16	1 R R  0.153  10.7
   6  8 -19.00  14	1 R R  0.132  11.2
   7  6 -24.32   8	1 L L  0.348  12.0
   8  4 -27.76   5	1 R R  0.825  13.3
   9  8 -19.83  13	1 L L  0.141  14.0
  10  9 -16.41  19	1 R R  0.105  14.6
  11  7 -20.39  12	1 R R  0.193  15.8
  12  8 -19.47  14	1 R R  0.129  16.4
  13  0 -39.40   1	0 L R  0.697  17.5
  14  5 -26.12   6	1 L L  0.305  18.3
  15  8 -18.77  15	1 L L  0.120  18.9
  16  1 -35.48   2	1 L L  0.784  20.1
  17  0 -39.83   1	1 L L  0.307  20.9
  18  9 -15.21  22	1 R R  0.106  21.5
  19  3 -30.90   4	1 L L  0.806  22.7
  20  4 -28.37   5	1 R R  0.278  23.5
  21  6 -23.12   9	1 R R  0.188  24.2
  22  3 -31.16   4	1 R R  0.381  25.0
  23  1 -35.29   2	1 R R  0.344  25.7
  24  5 -25.92   6	1 L L  0.145  26.3
