   0  5 -26.86   6	0 R L  0.664   7.5
   1  2 -33.90   3	1 R R  0.347   8.3
   2  7 -21.50  11	1 L L  0.177   9.0
   3  3 -31.85   3	0 L R  0.730  10.3
   4  9 -15.71  21	1 R R  0.339  11.2
   5  1 -35.93   2	0 L R  0.335  12.0
   6  8 -19.88  13	0 R L  0.637  13.2
   7  5 -25.92   6	1 L L  0.378  14.2
   8  2 -34.65   2	1 L L  0.119  14.9
   9  7 -20.84  12	0 L R  0.455  16.0
  10  1 -37.23   2	1 R R  0.487  17.0
  11  4 -29.00   5	0 R L  0.432  18.1
  12  4 -29.39   4	0 R L  0.226  19.0
  13  2 -33.49   3	1 R R  0.071  19.5
  14  8 -18.35  15	1 L L  0.364  20.4
  15  4 -29.34   4	1 L L  0.392  21.3
  16  2 -33.64   3	1 L L  0.639  22.3
  17  2 -33.28   3	1 R R  0.329  23.1
  18  9 -16.92  18	1 L L  0.275  23.9
  19  5 -26.58   6	1 L L  0.526  24.9
  20  7 -21.80  10	1 R R  0.321  25.9
  21  2 -34.71   2	1 R R  0.312  26.9
  22  5 -25.06   7	0 R L  0.383  27.8
  23  0 -39.45   1	1 R R  0.144  28.5
  24  6 -23.80   8	1 R R  0.621  29.8
