   0  7 -20.52  12	0 L R  2.562   4.4
   1  8 -18.41  15	1 L L  0.180   5.1
   2  1 -36.89   2	1 R R  0.343   6.4
   3  0 -37.79   2	1 R R  0.265   7.3
   4  4 -28.70   5	0 L R  0.324   8.1
   5  8 -19.41  14	1 L L  0.259   8.9
   6  8 -18.68  15	1 L L  0.249   9.6
   7  2 -33.47   3	1 R R  0.189  10.3
   8  7 -21.30  11	1 L L  0.193  11.0
   9  7 -22.47  10	0 L R  0.105  11.7
  10  1 -35.38   2	1 R R  0.107  12.3
  11  2 -33.68   3	1 R R  0.140  12.9
  12  6 -24.81   7	0 R L  0.165  13.6
  13  9 -17.40  17	1 L L  0.141  14.8
  14  5 -27.29   6	1 R R  0.337  15.6
  15  3 -31.18   4	0 R L  0.417  16.5
  16  1 -35.65   2	0 L R  0.346  17.4
  17  5 -25.28   7	1 L L  0.266  18.3
  18  9 -17.12  18	1 L L  0.223  19.2
  19  4 -28.89   5	0 L R  0.253  20.0
  20  3 -31.28   3	0 R L  0.217  20.8
  21  5 -25.99   6	1 R R  0.225  21.6
  22  0 -38.69   1	0 L R  0.142  22.4
  23  3 -32.14   3	1 L L  0.251  23.4
  24  3 -31.50   3	0 L R  0.451  24.5
