   0  2 -38.75   1	0 R L  0.344   4.7
   1  9 -10.20  39	1 R R  0.144   5.5
   2  0 -44.44   1	1 R R  0.402   6.6
   3  7 -18.67  15	0 L R  0.210   7.5
   4  5 -27.77   5	1 L L  0.259   8.7
   5  7 -18.36  15	1 R R  0.257   9.6
   6  6 -23.24   9	1 L L  0.281  10.6
   7  3 -35.90   2	1 L L  0.462  11.7
   8  7 -17.57  17	1 R R  0.154  12.4
   9  7 -18.46  15	1 R R  0.200  13.3
  10  4 -30.94   4	0 R L  0.291  14.3
  11  9 -13.63  27	1 R R  0.237  15.2
  12  2 -38.60   1	0 L R  0.440  16.3
  13  7 -18.40  15	1 R R  0.222  17.2
  14  1 -41.80   1	0 R L  0.257  18.2
  15  6 -21.29  11	1 R R  0.286  19.8
  16  2 -36.75   2	1 L L  0.304  20.8
  17  5 -26.43   6	0 L R  0.256  21.7
  18  5 -25.74   7	1 R R  0.279  22.7
  19  0 -45.22   1	0 R L  0.413  23.8
  20  7 -20.40  12	1 L L  0.223  24.7
  21  5 -27.34   5	0 L R  0.506  25.9
  22  0 -43.94   1	1 R R  0.190  26.9
  23  6 -23.67   8	1 L L  0.412  28.0
  24  4 -29.02   5	1 R R  0.332  28.9
