   0  7 -20.53  12	1 L L  0.344  10.6
   1  7 -17.72  17	1 L L  0.227  11.5
   2  6 -22.71   9	1 L L  0.199  12.4
   3  6 -22.23  10	1 L L  0.260  13.4
   4  8 -14.92  23	1 R R  0.164  15.6
   5  3 -35.20   2	1 R R  0.292  16.7
   6  5 -26.65   6	0 L R  0.232  17.6
   7  8 -15.85  21	1 L L  0.201  18.6
   8  2 -35.93   2	1 L L  0.236  19.6
   9  5 -27.34   5	1 L L  0.235  20.7
  10  6 -22.17  10	1 R R  0.248  21.7
  11  4 -29.05   4	0 L R  0.247  22.7
  12  6 -23.29   9	1 L L  0.314  23.9
  13  3 -35.58   2	0 R L  0.419  25.0
  14  1 -39.71   1	0 L R  0.199  25.9
  15  7 -18.72  15	1 L L  0.157  26.9
  16  5 -28.15   5	1 L L  0.354  28.0
  17  0 -44.25   1	0 R L  0.321  29.0
  18  3 -33.54   3	0 L R  0.560  30.4
  19  9 -13.53  27	1 R R  0.201  31.4
  20  0 -44.85   1	1 L L  0.222  32.5
  21  9 -12.76  29	1 R R  0.174  33.5
  22  0 -45.81   1	1 L L  0.445  34.8
  23  9 -11.54  34	1 L L  0.235  35.9
  24  3 -34.65   2	0 R L  0.190  36.8
