   0  4 -29.70   4	1 L L  0.289   7.6
   1  0 -46.12   1	1 L L  0.326   8.6
   2  2 -39.49   1	0 L R  0.264   9.5
   3  2 -37.97   2	1 L L  0.268  10.4
   4  1 -41.71   1	1 R R  0.307  11.4
   5  4 -30.80   4	1 L L  0.464  12.6
   6  1 -40.97   1	0 R L  0.338  13.8
   7  4 -32.05   3	1 R R  0.210  14.7
   8  2 -36.45   2	1 L L  0.379  15.8
   9  9 -11.20  35	1 R R  0.165  16.7
  10  0 -46.96   1	1 L L  0.179  17.7
  11  1 -40.59   1	0 R L  0.259  18.7
  12  5 -27.47   5	1 L L  0.268  19.6
  13  9 -13.48  27	1 L L  0.201  20.5
  14  1 -41.11   1	1 R R  0.329  21.6
  15  9 -12.49  30	1 L L  0.177  22.6
  16  4 -30.99   4	1 R R  0.456  23.8
  17  1 -40.79   1	0 R L  0.386  24.8
  18  6 -24.41   8	1 L L  0.234  25.8
  19  9 -11.29  35	1 L L  0.214  26.7
  20  1 -40.95   1	0 R L  0.257  27.8
  21  8 -14.67  24	1 R R  0.140  28.7
  22  0 -46.24   1	1 R R  0.227  29.7
  23  0 -43.61   1	1 L L  0.604  31.1
  24  1 -42.57   1	1 R R  0.283  32.1
