   0  7 -19.41  14	1 R R  0.322   5.7
   1  2 -39.49   1	0 R L  0.258   6.7
   2  7 -18.68  15	1 L L  0.175   7.6
   3  2 -35.93   2	1 R R  0.235   8.5
   4  7 -18.21  16	1 R R  0.212   9.5
   5  1 -43.16   1	0 L R  0.326  10.5
   6  9 -10.34  39	1 R R  0.175  11.4
   7  1 -40.95   1	0 L R  0.385  12.5
   8  0 -46.20   1	1 L L  0.281  13.5
   9  2 -37.45   2	1 L L  0.273  14.5
  10  4 -29.89   4	1 R R  0.356  15.9
  11  2 -37.83   2	1 R R  0.257  16.9
  12  2 -36.54   2	1 L L  0.351  18.1
  13  4 -30.20   4	0 L R  0.255  19.0
  14  0 -43.43   1	0 R L  0.410  20.2
  15  2 -38.78   1	1 R R  0.222  21.2
  16  2 -36.75   2	0 L R  0.378  22.4
  17  1 -42.12   1	0 R L  0.234  23.2
  18  1 -41.69   1	0 L R  0.199  24.2
  19  9 -11.01  36	1 R R  0.163  25.1
  20  7 -19.26  14	1 R R  0.139  26.0
  21  2 -37.42   2	1 R R  0.303  27.0
  22  3 -33.15   3	1 R R  0.434  28.1
  23  6 -22.07  10	1 L L  0.213  29.0
  24  8 -16.06  20	1 R R  0.251  30.1
