   0  3 -32.41   3	1 L L  0.432   6.1
   1  1 -41.62   1	1 R R  0.307   7.2
   2  6 -22.72   9	1 R R  0.327   8.3
   3  8 -14.01  25	1 L L  0.201   9.2
   4  0 -43.96   1	1 L L  0.232  10.1
   5  8 -16.70  19	1 R R  0.258  11.1
   6  4 -29.79   4	0 L R  0.293  12.1
   7  0 -46.32   1	1 L L  0.337  13.1
   8  8 -14.67  24	1 L L  0.177  14.0
   9  4 -30.48   4	1 R R  0.437  15.2
  10  0 -46.61   1	0 R L  0.282  16.2
  11  0 -43.32   1	1 R R  0.233  17.1
  12  3 -32.72   3	1 R R  0.331  18.2
  13  5 -27.11   6	1 L L  0.474  19.4
  14  0 -45.42   1	1 R R  0.437  20.6
  15  7 -19.98  13	1 R R  0.321  21.6
  16  5 -28.40   5	1 L L  0.487  22.7
  17  1 -40.20   1	0 L R  0.374  23.8
  18  7 -18.64  15	1 L L  0.306  24.8
  19  0 -43.97   1	1 R R  0.246  25.7
  20  0 -46.06   1	0 R L  0.377  26.9
  21  9 -12.73  29	1 R R  0.177  27.8
  22  4 -28.90   5	1 R R  0.281  28.8
  23  0 -44.60   1	0 L R  0.338  29.9
  24  6 -23.10   9	1 L L  0.277  30.9
