   0  2 -38.32   2	1 R R  0.528   5.7
   1  2 -37.82   2	1 R R  0.337   6.7
   2  9 -13.31  28	1 L L  0.151   7.6
   3  6 -23.30   9	1 R R  0.222   8.6
   4  8 -15.53  21	1 L L  0.176   9.5
   5  2 -38.37   2	0 L R  0.210  10.4
   6  5 -27.41   5	1 L L  0.237  11.3
   7  3 -34.67   2	1 R R  0.292  12.3
   8  1 -39.88   1	0 L R  0.201  13.3
   9  1 -42.52   1	0 R L  0.354  14.5
  10  2 -38.00   2	0 L R  0.312  15.6
  11  5 -27.29   6	1 R R  0.301  16.7
  12  3 -33.61   3	1 R R  0.459  17.8
  13  3 -33.84   3	0 L R  0.327  18.9
  14  5 -26.13   6	0 L R  0.342  20.4
  15  6 -23.76   8	1 L L  0.221  21.6
  16  2 -38.21   2	1 R R  0.221  22.6
  17  2 -39.50   1	1 L L  0.296  23.6
  18  1 -40.15   1	1 R R  0.567  25.1
  19  0 -43.30   1	1 R R  0.362  26.3
  20  1 -41.65   1	0 L R  0.438  27.6
  21  0 -46.15   1	0 R L  0.265  28.6
  22  2 -36.29   2	1 R R  0.255  29.7
  23  5 -28.31   5	0 R L  0.681  31.3
  24  0 -44.17   1	1 L L  0.338  32.5
