   0  3 -34.35   2	0 L R  0.964   7.1
   1  4 -28.97   5	1 L L  0.408   9.0
   2  9 -11.83  33	1 R R  0.157   9.9
   3  2 -36.42   2	1 R R  0.203  10.9
   4  6 -22.19  10	1 L L  0.145  11.8
   5  6 -22.51  10	1 L L  0.190  12.7
   6  8 -13.91  26	1 L L  0.179  13.6
   7  6 -23.96   8	1 L L  0.249  14.6
   8  7 -19.62  13	1 R R  0.135  15.5
   9  0 -45.29   1	1 R R  0.259  16.5
  10  0 -46.65   1	0 L R  0.260  17.5
  11  4 -31.70   3	1 L L  0.159  18.3
  12  2 -38.67   1	1 L L  0.247  19.3
  13  6 -22.81   9	1 R R  0.147  20.2
  14  4 -30.21   4	1 R R  0.224  21.2
  15  3 -34.63   2	1 L L  0.167  22.1
  16  5 -27.31   5	1 R R  0.556  23.4
  17  4 -28.53   5	1 L L  0.216  24.3
  18  1 -40.42   1	1 R R  0.156  25.2
  19  1 -42.66   1	0 R L  0.429  26.4
  20  3 -33.79   3	1 L L  0.351  27.4
  21  8 -15.03  23	1 R R  0.203  28.2
  22  2 -36.08   2	0 R L  0.249  29.2
  23  3 -34.16   2	1 L L  0.306  30.3
  24  1 -42.52   1	1 L L  0.327  31.4
