   0  0 -45.77   1	1 R R  1.021  16.5
   1  9 -13.13  28	1 R R  0.288  18.9
   2  5 -27.91   5	0 L R  0.646  20.5
   3  4 -31.71   3	1 R R  0.395  21.9
   4  2 -37.58   2	1 L L  0.708  24.3
   5  3 -32.77   3	1 L L  0.612  25.9
   6  6 -23.92   8	1 R R  0.570  28.1
   7  9 -12.33  31	1 L L  0.278  30.2
   8  0 -45.08   1	0 R L  0.739  32.3
   9  1 -42.44   1	0 L R  0.505  34.0
  10  7 -17.98  16	1 R R  0.310  35.7
  11  0 -45.63   1	0 L R  0.550  37.2
  12  5 -25.72   7	1 R R  0.386  38.8
  13  9 -13.03  28	1 L L  0.379  40.3
  14  8 -13.71  26	1 R R  0.293  41.6
  15  9 -12.83  29	1 L L  0.370  42.9
  16  1 -41.60   1	1 R R  0.420  44.2
  17  4 -28.68   5	1 L L  0.426  45.6
  18  0 -43.85   1	1 L L  0.673  47.3
  19  5 -27.81   5	0 L R  0.468  48.7
  20  6 -21.99  10	1 L L  0.711  51.0
  21  7 -18.00  16	1 L L  0.436  52.5
  22  0 -46.19   1	0 R L  0.755  54.3
  23  8 -14.62  24	1 R R  0.233  55.6
  24  0 -44.56   1	1 R R  0.400  57.0
