   0  7 -19.20  14	1 R R  0.225   9.6
   1  0 -45.10   1	1 R R  0.306  10.5
   2  6 -23.43   9	1 L L  0.274  11.5
   3  8 -14.96  23	1 R R  0.205  12.7
   4  2 -38.79   1	1 R R  0.262  13.7
   5  3 -35.53   2	1 L L  0.328  14.7
   6  9 -12.48  30	1 R R  0.143  15.5
   7  5 -28.13   5	0 L R  0.296  16.6
   8  0 -45.35   1	0 R L  0.325  17.6
   9  0 -44.41   1	0 R L  0.321  18.7
  10  6 -22.75   9	1 L L  0.403  19.7
  11  9 -11.01  36	1 R R  0.307  20.7
  12  0 -43.87   1	1 R R  0.471  21.9
  13  0 -43.43   1	1 R R  0.403  23.0
  14  2 -38.12   2	1 L L  0.344  24.1
  15  3 -35.67   2	1 L L  0.391  25.5
  16  8 -15.71  21	1 R R  0.246  26.4
  17  8 -15.19  22	1 L L  0.213  27.4
  18  4 -30.51   4	1 L L  0.376  28.6
  19  4 -31.98   3	0 R L  0.505  29.9
  20  6 -24.25   8	1 R R  0.323  31.0
  21  8 -14.48  24	1 R R  0.244  32.0
  22  5 -26.24   6	0 L R  0.283  33.0
  23  2 -38.43   2	0 L R  0.615  34.4
  24  4 -31.65   3	1 L L  0.305  35.5
