   0  6 -21.54  11	1 L L  0.186   6.8
   1  0 -44.39   1	1 L L  0.388   7.9
   2  4 -30.70   4	0 R L  0.176   8.7
   3  7 -20.59  12	1 R R  0.136   9.5
   4  8 -14.40  24	1 L L  0.140  10.4
   5  2 -37.72   2	1 R R  0.376  11.5
   6  6 -21.54  11	1 R R  0.174  12.3
   7  2 -36.56   2	0 L R  0.223  13.2
   8  7 -20.87  12	1 R R  0.188  14.2
   9  0 -44.30   1	0 R L  0.270  15.2
  10  9 -12.20  31	1 L L  0.173  16.0
  11  0 -44.82   1	1 L L  0.471  17.2
  12  2 -36.81   2	1 R R  0.341  18.2
  13  3 -35.15   2	0 L R  0.328  19.3
  14  8 -15.47  21	1 L L  0.161  20.1
  15  9 -13.16  28	1 L L  0.152  21.0
  16  9 -10.82  37	1 L L  0.141  21.9
  17  1 -40.69   1	1 R R  0.855  23.5
  18  4 -31.32   3	1 R R  0.341  24.6
  19  4 -29.88   4	1 R R  0.445  25.7
  20  0 -43.74   1	1 L L  0.337  26.7
  21  4 -30.65   4	1 R R  0.234  27.7
  22  1 -42.26   1	0 L R  0.401  28.9
  23  4 -28.53   5	1 L L  0.297  29.9
  24  5 -28.27   5	1 L L  0.412  31.0
