   0  4 -28.64   5	0 R L  0.357  25.7
   1  8 -13.89  26	1 L L  0.226  26.6
   2  4 -30.47   4	0 L R  0.471  27.8
   3  9 -12.10  32	1 R R  0.198  28.9
   4  7 -19.72  13	1 R R  0.249  29.8
   5  8 -15.78  21	1 L L  0.186  30.8
   6  0 -43.42   1	1 L L  0.426  32.0
   7  7 -18.36  15	1 R R  0.294  32.9
   8  9 -12.96  29	1 L L  0.201  33.9
   9  5 -26.28   6	0 L R  0.411  35.0
  10  8 -14.19  25	1 R R  0.261  36.0
  11  2 -39.34   1	0 L R  0.502  37.2
  12  3 -32.89   3	0 R L  0.260  38.2
  13  6 -21.25  11	1 L L  0.340  39.3
  14  1 -39.81   1	1 R R  0.329  40.3
  15  9 -11.73  33	1 L L  0.186  41.2
  16  5 -25.54   7	1 R R  0.236  42.2
  17  5 -27.06   6	1 L L  0.510  43.5
  18  0 -43.68   1	0 R L  0.415  44.7
  19  7 -17.66  17	1 L L  0.306  45.8
  20  2 -38.09   2	1 R R  0.495  47.0
  21  5 -25.91   6	1 R R  0.400  48.2
  22  9 -13.41  27	1 L L  0.213  49.2
  23  3 -33.93   3	0 R L  0.466  50.4
  24  3 -35.38   2	1 L L  0.367  51.5
