   0  6 -21.64  11	1 L L  0.540  11.5
   1  5 -26.84   6	0 L R  0.407  13.0
   2  1 -39.60   1	0 L R  0.368  15.0
   3  8 -13.84  26	1 L L  0.199  16.1
   4  2 -38.07   2	1 R R  0.354  17.3
   5  5 -25.82   7	1 L L  0.367  18.6
   6  1 -40.28   1	0 R L  0.482  19.9
   7  3 -33.16   3	0 R L  0.641  21.3
   8  4 -31.12   4	1 R R  0.400  22.5
   9  9 -11.28  35	1 R R  0.235  23.6
  10  8 -13.86  26	1 L L  0.247  24.7
  11  5 -25.22   7	1 L L  0.314  25.9
  12  0 -46.72   1	1 R R  0.598  27.4
  13  8 -15.91  20	1 R R  0.206  28.4
  14  5 -26.43   6	0 R L  0.342  29.7
  15  0 -45.26   1	1 L L  0.291  30.8
  16  7 -20.22  12	1 R R  0.283  31.9
  17  6 -23.60   8	1 L L  0.284  33.0
  18  1 -41.18   1	0 R L  0.404  34.2
  19  9 -11.88  32	1 L L  0.236  35.3
  20  9 -11.52  34	1 R R  0.237  36.4
  21  2 -38.25   2	1 L L  0.425  37.6
  22  1 -41.14   1	0 L R  0.304  38.7
  23  1 -42.47   1	0 R L  0.306  39.9
  24  2 -37.84   2	0 R L  0.409  41.1
