   0  8 -16.34  19	1 R R  0.306  22.0
   1  2 -36.76   2	1 L L  0.271  23.0
   2  6 -24.21   8	1 R R  0.272  24.0
   3  5 -26.61   6	1 R R  0.329  25.0
   4  0 -45.73   1	0 R L  2.804  28.6
   5  2 -39.24   1	1 R R  0.259  29.6
   6  7 -17.96  16	1 R R  0.373  30.8
   7  6 -22.97   9	1 R R  0.249  31.7
   8  4 -29.35   4	1 R R  0.634  32.9
   9  4 -30.30   4	1 L L  0.351  33.9
  10  5 -26.92   6	1 R R  0.191  34.7
  11  0 -45.23   1	1 R R  0.328  35.7
  12  7 -18.10  16	1 R R  0.337  36.7
  13  1 -39.63   1	1 L L  0.191  37.5
  14  4 -29.99   4	0 L R  0.249  38.4
  15  5 -25.54   7	1 R R  0.247  39.3
  16  1 -42.81   1	0 L R  0.395  40.3
  17  2 -37.71   2	1 R R  0.271  41.2
  18  4 -28.67   5	0 R L  0.372  42.3
  19  2 -37.61   2	0 L R  0.135  43.1
  20  4 -29.80   4	0 R L  0.135  43.9
  21  5 -25.58   7	1 R R  0.090  44.8
  22  5 -27.22   6	1 R R  0.468  45.9
  23  6 -22.78   9	1 L L  0.498  47.2
  24  3 -35.56   2	0 L R  0.544  48.6
