   0  8 -17.40  17	1 R R  0.579  12.0
   1  1 -40.29   1	0 L R  0.505  13.4
   2  5 -25.26   7	1 L L  0.392  14.8
   3  2 -38.17   2	0 L R  0.521  16.3
   4  2 -36.62   2	1 L L  0.595  17.7
   5  0 -44.90   1	0 L R  0.552  19.0
   6  4 -28.68   5	0 R L  0.327  20.1
   7  8 -16.66  19	1 R R  0.186  20.9
   8  0 -45.41   1	1 R R  0.596  22.3
   9  4 -31.85   3	1 R R  1.268  24.4
  10  4 -30.91   4	0 L R  0.527  25.8
  11  1 -42.58   1	1 L L  0.298  26.9
  12  1 -39.70   1	0 R L  0.436  28.2
  13  7 -20.15  13	1 L L  0.293  29.3
  14  1 -41.07   1	1 R R  0.319  30.3
  15  5 -26.39   6	1 L L  0.588  31.7
  16  5 -25.83   7	0 L R  0.434  33.0
  17  7 -20.95  11	1 L L  0.523  34.2
  18  9 -11.35  35	1 L L  0.236  35.1
  19  8 -13.98  26	1 L L  0.245  36.2
  20  7 -19.04  14	1 R R  0.283  37.2
  21  5 -25.63   7	0 L R  0.401  38.3
  22  2 -38.15   2	0 R L  0.342  39.3
  23  7 -20.25  12	1 R R  0.472  40.6
  24  3 -34.31   2	0 R L  0.222  41.5
