   0  8 -16.23  20	1 R R  0.261   6.9
   1  5 -27.97   5	1 R R  0.256   7.9
   2  9 -12.48  30	1 R R  0.224   8.9
   3  4 -28.55   5	0 L R  0.470  10.1
   4  6 -23.59   8	0 R L  0.461  11.3
   5  4 -31.31   3	0 L R  0.261  12.2
   6  1 -41.39   1	1 R R  0.318  13.2
   7  4 -29.25   4	0 R L  0.164  14.1
   8  4 -28.59   5	0 L R  0.626  15.5
   9  3 -35.19   2	0 L R  0.438  16.6
  10  6 -23.32   9	1 R R  0.380  17.8
  11  0 -43.87   1	0 L R  0.406  18.9
  12  5 -25.08   7	0 R L  0.209  19.8
  13  9 -11.48  34	1 L L  0.244  20.8
  14  9 -10.95  36	1 R R  0.200  21.7
  15  6 -22.14  10	1 R R  0.246  22.7
  16  0 -46.23   1	1 R R  0.338  23.8
  17  0 -45.47   1	1 L L  0.377  24.9
  18  2 -39.29   1	1 R R  0.310  26.0
  19  2 -37.48   2	0 R L  0.497  27.2
  20  4 -31.80   3	0 L R  0.429  28.4
  21  2 -36.69   2	1 R R  0.375  29.4
  22  5 -25.43   7	1 R R  0.319  30.5
  23  0 -44.90   1	0 R L  0.310  31.7
  24  8 -14.75  23	1 R R  0.178  32.6
