   0  0 -43.42   1	0 L R  0.392   8.7
   1  8 -16.83  18	1 R R  0.384   9.9
   2  4 -32.14   3	1 R R  0.313  10.9
   3  2 -37.22   2	0 L R  0.352  12.0
   4  3 -32.33   3	0 L R  0.357  13.2
   5  1 -42.05   1	1 L L  0.651  14.7
   6  8 -17.35  17	1 L L  0.351  15.8
   7  5 -26.03   6	1 R R  0.260  16.7
   8  1 -40.77   1	0 R L  0.293  17.7
   9  7 -17.85  16	1 L L  0.306  18.7
  10  9 -11.40  34	1 R R  0.168  19.6
  11  7 -19.74  13	1 R R  0.165  20.5
  12  1 -40.70   1	1 R R  0.530  21.7
  13  8 -16.98  18	1 L L  0.153  22.5
  14  9 -11.53  34	1 R R  0.140  23.3
  15  7 -20.92  11	1 R R  0.284  24.3
  16  1 -42.15   1	0 L R  0.930  25.9
  17  7 -17.81  16	1 L L  0.233  26.8
  18  3 -35.56   2	1 R R  0.210  27.7
  19  5 -25.67   7	1 R R  0.563  29.1
  20  4 -31.48   3	0 R L  0.305  30.1
  21  0 -45.30   1	0 R L  0.414  31.2
  22  8 -16.51  19	0 L R  0.153  32.0
  23  8 -15.92  20	1 R R  0.330  33.2
  24  7 -18.19  16	1 L L  0.327  34.3
