   0  5 -28.46   5	1 L L  0.418  10.8
   1  0 -44.18   1	1 R R  0.524  11.9
   2  6 -23.64   8	1 L L  0.175  12.8
   3  6 -23.45   9	1 R R  0.210  13.7
   4  9 -11.28  35	1 L L  0.140  14.5
   5  3 -34.09   3	1 R R  1.027  16.1
   6  6 -21.68  11	1 R R  0.211  17.0
   7  5 -28.40   5	0 L R  0.502  18.2
   8  4 -28.77   5	1 R R  0.531  19.3
   9  6 -23.09   9	1 R R  0.235  20.2
  10  2 -36.55   2	1 R R  0.425  21.2
  11  7 -20.53  12	1 L L  0.163  21.9
  12  4 -29.15   4	1 L L  0.383  22.9
  13  9 -11.69  33	1 L L  0.153  23.7
  14  2 -39.42   1	1 R R  0.373  24.7
  15  7 -17.44  17	1 L L  0.110  25.4
  16  5 -25.55   7	1 L L  0.304  26.4
  17  2 -36.86   2	1 R R  0.285  27.4
  18  3 -34.19   2	0 R L  0.352  28.3
  19  3 -32.98   3	1 L L  0.552  29.5
  20  1 -41.13   1	0 L R  0.238  30.4
  21  1 -41.85   1	0 L R  0.670  31.7
  22  5 -27.81   5	0 R L  0.309  32.7
  23  4 -29.04   5	1 R R  0.211  33.6
  24  0 -44.80   1	0 R L  0.439  34.7
