   0  9 -13.01  29	1 R R  0.154  11.0
   1  1 -42.34   1	0 L R  0.448  12.2
   2  0 -45.00   1	1 R R  0.283  13.4
   3  8 -13.72  26	1 L L  0.128  14.4
   4  4 -29.77   4	1 L L  0.741  15.9
   5  1 -40.63   1	1 R R  0.212  16.9
   6  4 -30.00   4	0 L R  0.340  18.1
   7  2 -38.03   2	0 L R  0.402  19.4
   8  4 -30.49   4	1 L L  0.258  20.3
   9  0 -45.73   1	1 L L  0.605  21.7
  10  6 -23.45   9	1 R R  0.198  22.6
  11  9 -10.39  39	1 R R  0.222  23.6
  12  4 -30.93   4	0 L R  0.480  24.9
  13  2 -37.52   2	1 L L  0.709  26.4
  14  8 -14.68  24	1 L L  0.292  27.4
  15  9 -10.77  37	1 L L  0.233  28.4
  16  6 -24.21   8	1 R R  0.234  29.4
  17  7 -17.46  17	1 R R  0.233  30.4
  18  4 -29.31   4	0 L R  0.604  31.7
  19  0 -46.72   1	1 L L  0.441  32.9
  20  5 -26.67   6	1 L L  0.366  33.9
  21  1 -40.12   1	1 L L  0.846  35.4
  22  3 -34.74   2	0 L R  0.450  36.5
  23  6 -24.09   8	1 R R  0.452  37.8
  24  8 -14.61  24	1 L L  0.152  38.7
