   0  4 -31.99   3	0 R L  0.511   7.3
   1  8 -16.16  20	1 L L  0.233   8.3
   2  8 -15.63  21	1 R R  0.166   9.1
   3  5 -25.00   7	1 L L  0.197  10.0
   4  3 -35.17   2	1 L L  0.356  11.0
   5  8 -16.14  20	1 L L  0.210  11.8
   6  0 -44.55   1	0 R L  0.402  12.8
   7  2 -37.39   2	0 L R  0.278  13.8
   8  9 -11.42  34	1 L L  0.117  14.6
   9  0 -45.07   1	0 R L  0.408  15.6
  10  4 -31.30   3	0 L R  0.308  16.5
  11  1 -42.20   1	1 L L  0.280  17.4
  12  5 -27.98   5	1 R R  0.175  18.3
  13  8 -16.61  19	1 L L  0.116  19.1
  14  0 -43.85   1	1 R R  0.188  19.9
  15  1 -42.80   1	0 R L  0.571  21.2
  16  0 -45.57   1	0 L R  0.214  22.1
  17  4 -29.77   4	1 R R  0.458  23.2
  18  0 -44.22   1	0 R L  0.363  24.1
  19  7 -20.39  12	1 R R  0.151  24.9
  20  0 -46.60   1	0 R L  0.397  26.0
  21  5 -25.99   6	0 L R  0.163  26.8
  22  1 -40.58   1	0 L R  1.269  29.4
  23  7 -17.60  17	1 R R  0.274  30.3
  24  4 -28.79   5	0 L R  0.602  31.5
