   0  2 -38.63   1	1 R R  0.609   5.4
   1  8 -13.74  26	1 L L  0.165   6.2
   2  0 -44.33   1	1 L L  0.304   7.1
   3  0 -43.84   1	0 L R  0.366   8.1
   4  3 -34.68   2	1 L L  0.211   9.0
   5  6 -21.56  11	1 R R  0.387  10.1
   6  8 -15.10  22	1 R R  0.222  11.0
   7  2 -37.86   2	0 R L  0.449  12.1
   8  2 -37.24   2	1 R R  0.308  13.1
   9  3 -33.57   3	1 L L  0.387  14.2
  10  8 -16.42  19	1 R R  0.221  15.2
  11  1 -41.40   1	0 L R  0.402  16.3
  12  7 -19.73  13	1 L L  0.342  17.3
  13  4 -31.65   3	0 L R  0.364  18.4
  14  7 -18.03  16	1 R R  0.303  19.3
  15  5 -27.68   5	0 L R  0.478  20.4
  16  2 -37.80   2	1 L L  0.384  21.5
  17  3 -34.71   2	1 R R  0.220  22.4
  18  8 -16.30  20	1 L L  0.248  23.4
  19  8 -14.02  25	1 R R  0.189  24.2
  20  6 -24.67   7	0 L R  0.534  25.4
  21  2 -36.78   2	0 R L  0.388  26.4
  22  6 -21.27  11	1 R R  0.365  27.4
  23  4 -30.48   4	0 R L  0.298  28.3
  24  8 -14.68  24	1 R R  0.162  29.0
