   0  1 -40.71   1	0 L R  0.864   8.9
   1  9 -10.62  38	1 L L  0.156  10.2
   2  8 -14.18  25	1 L L  0.198  11.1
   3  4 -32.17   3	1 L L  0.488  12.3
   4  2 -39.20   1	0 L R  0.566  13.5
   5  9 -11.88  32	1 L L  0.141  14.4
   6  6 -23.36   9	1 L L  0.282  15.4
   7  2 -39.36   1	1 R R  0.236  16.3
   8  1 -39.77   1	1 L L  0.221  17.2
   9  9 -10.05  40	1 R R  0.131  18.0
  10  0 -44.18   1	0 R L  0.296  18.9
  11  3 -35.41   2	1 R R  0.291  19.8
  12  0 -45.36   1	1 L L  0.366  20.8
  13  6 -22.10  10	1 R R  0.318  21.7
  14  2 -38.55   2	1 L L  0.211  22.6
  15  4 -30.20   4	1 R R  0.168  23.4
  16  3 -32.30   3	1 L L  0.151  24.3
  17  3 -35.14   2	0 L R  0.149  25.1
  18  0 -46.94   1	0 R L  0.293  26.1
  19  9 -12.40  31	1 L L  0.291  27.0
  20  1 -42.05   1	1 L L  0.344  28.0
  21  6 -23.11   9	0 L R  0.235  28.9
  22  3 -34.98   2	1 L L  0.243  29.8
  23  1 -40.31   1	1 L L  0.270  30.8
  24  7 -18.40  15	1 R R  0.140  31.7
