   0  1 -42.91   1	0 R L  0.658   9.7
   1  2 -38.58   2	1 L L  0.436  12.7
   2  2 -36.40   2	1 R R  0.393  13.9
   3  7 -17.42  17	1 L L  0.268  15.1
   4  0 -44.89   1	0 L R  0.980  16.7
   5  6 -22.44  10	1 L L  0.400  17.7
   6  7 -18.65  15	1 L L  0.417  18.7
   7  0 -43.37   1	1 L L  0.303  19.7
   8  4 -29.74   4	1 R R  0.378  20.9
   9  7 -19.92  13	0 R L  0.270  21.8
  10  1 -42.65   1	0 R L  0.306  22.9
  11  5 -26.88   6	1 R R  1.778  25.4
  12  0 -43.79   1	0 L R  0.496  26.6
  13  4 -28.96   5	1 L L  0.282  27.5
  14  9 -12.06  32	1 R R  0.139  28.3
  15  6 -24.49   8	0 L R  0.233  29.2
  16  2 -38.95   1	0 R L  0.188  30.0
  17  7 -20.87  12	0 L R  0.235  30.9
  18  2 -35.98   2	1 L L  0.751  32.6
  19  5 -28.43   5	1 L L  0.474  33.8
  20  3 -33.86   3	0 L R  0.379  34.8
  21  4 -29.95   4	0 R L  0.807  36.4
  22  0 -43.85   1	1 R R  0.875  38.1
  23  3 -32.97   3	0 R L  0.518  39.4
  24  1 -41.44   1	1 L L  0.532  40.6
