   0  0 -45.74   1	1 L L  0.551  13.3
   1  0 -43.72   1	1 R R  0.342  14.5
   2  1 -40.28   1	1 L L  0.400  15.8
   3  1 -40.10   1	0 R L  0.358  17.7
   4  2 -37.34   2	0 R L  0.706  19.2
   5  1 -41.38   1	0 L R  0.218  20.1
   6  2 -39.53   1	0 L R  0.281  21.1
   7  9 -10.85  37	1 L L  0.209  22.1
   8  7 -18.95  14	1 R R  0.175  23.0
   9  7 -19.43  14	1 R R  0.175  23.9
  10  4 -28.96   5	1 R R  0.559  25.1
  11  9 -11.26  35	1 L L  0.153  26.0
  12  3 -32.99   3	0 R L  0.338  27.1
  13  8 -14.42  24	1 R R  0.129  28.0
  14  5 -27.65   5	1 L L  0.936  29.6
  15  4 -29.80   4	1 L L  0.423  30.7
  16  6 -23.79   8	1 R R  0.328  31.8
  17  4 -31.97   3	1 R R  0.395  32.8
  18  9 -10.07  40	1 R R  0.186  33.8
  19  6 -24.72   7	0 R L  0.493  35.0
  20  1 -40.96   1	0 L R  0.390  36.1
  21  6 -23.41   9	0 R L  0.445  37.2
  22  5 -27.17   6	1 R R  0.352  38.2
  23  1 -42.95   1	1 L L  0.620  39.6
  24  3 -32.54   3	0 R L  0.502  40.7
