   0  0 -44.79   1	0 R L  0.458   6.1
   1  7 -18.15  16	1 L L  0.291   7.1
   2  7 -19.53  13	1 R R  0.186   8.0
   3  1 -39.80   1	0 R L  0.318   9.0
   4  1 -42.24   1	0 L R  0.394  10.0
   5  5 -26.45   6	1 R R  0.240  10.9
   6  0 -45.10   1	1 L L  0.221  11.8
   7  6 -24.04   8	1 R R  0.424  12.9
   8  8 -16.51  19	1 R R  0.222  13.7
   9  2 -37.55   2	0 L R  0.354  14.7
  10  4 -29.22   4	0 L R  0.460  15.7
  11  4 -28.60   5	1 L L  0.410  16.7
  12  1 -41.94   1	0 L R  0.284  17.6
  13  9 -13.09  28	1 R R  0.257  18.6
  14  0 -44.94   1	1 R R  0.306  19.5
  15  1 -41.55   1	0 R L  0.336  20.5
  16  7 -18.09  16	1 L L  0.281  21.4
  17  0 -44.99   1	0 L R  0.310  22.3
  18  2 -38.44   2	1 L L  0.314  23.2
  19  3 -33.89   3	1 R R  0.291  24.2
  20  3 -34.42   2	0 R L  0.423  25.2
  21  2 -36.70   2	1 L L  0.670  26.6
  22  8 -16.34  19	1 L L  0.235  27.5
  23  2 -37.29   2	0 R L  0.362  28.5
  24  3 -33.75   3	1 R R  0.222  29.4
