   0  0 -20.00  13	0 L R  0.021   4.8
   1  0 -10.00  40	1 R R  0.022   5.2
   2  0 -11.52  34	0 L R  0.022   5.6
   3  0 -10.00  40	0 L R  0.043   6.3
   4  0 -10.00  40	0 L R  0.043   7.0
   5  0 -10.00  40	0 L R  0.064   7.4
   6  0 -10.00  40	1 R R  0.021   7.8
   7  0 -10.00  40	0 L R  0.022   8.1
   8  0 -10.00  40	1 R R  0.022   8.5
   9  0 -10.00  40	1 R R  0.022   8.8
  10  0 -10.00  40	1 R R  0.022   9.2
  11  0 -10.00  40	1 R R  0.021   9.5
  12  0 -10.00  40	1 R R  0.042  10.0
  13  0 -10.00  40	1 R R  0.022  10.3
  14  0 -10.00  40	1 R R  0.043  10.8
  15  0 -10.00  40	0 L R  0.193  11.3
  16  0 -10.00  40	1 R R  0.021  11.7
  17  0 -10.00  40	0 L R  0.075  12.2
  18  0 -10.00  40	0 L R  0.176  12.8
  19  0 -10.00  40	0 L R  0.085  13.5
  20  0 -10.00  40	0 L R  0.481  14.5
  21  0 -10.00  40	1 R R  0.022  15.2
  22  0 -10.00  40	1 R R  0.022  15.6
