   0  5 -27.74   5	1 L L  0.281   3.0
   1  8 -16.47  19	1 R R  0.273   3.8
   2  8 -16.66  19	1 L L  0.143   4.4
   3  3 -32.43   3	1 R R  0.439   5.4
   4  7 -20.89  12	1 L L  0.260   6.1
   5  9 -11.70  33	1 R R  0.175   6.8
   6  3 -35.61   2	1 R R  0.541   7.8
   7  7 -19.24  14	1 L L  0.224   8.4
   8  4 -28.70   5	1 R R  0.536   9.5
   9  9 -12.47  30	1 R R  0.174  10.3
  10  9 -10.78  37	1 L L  0.081  10.8
  11  2 -37.48   2	0 L R  0.470  11.8
  12  4 -30.44   4	0 R L  0.442  12.7
  13  4 -28.80   5	0 L R  0.341  13.5
  14  2 -38.99   1	1 R R  0.390  14.4
  15  7 -20.10  13	1 L L  0.194  15.0
  16  1 -41.98   1	1 L L  0.828  16.3
  17  9 -12.09  32	1 R R  0.131  16.9
  18  5 -27.03   6	1 R R  0.449  17.8
  19  0 -45.80   1	1 L L  0.305  18.6
  20  8 -16.67  19	1 R R  0.236  19.4
  21  4 -31.51   3	1 R R  0.510  20.3
  22  2 -39.01   1	0 L R  0.463  21.3
  23  3 -33.88   3	1 R R  0.646  22.4
  24  8 -15.30  22	1 R R  0.353  23.4
