   0  0 -20.00  13	0 L R  0.022   4.0
   1  0 -10.00  40	0 L R  0.022   5.0
   2  0 -10.00  40	1 R R  0.022   7.8
   3  0 -10.00  40	0 L R  0.572   9.8
   4  0 -10.00  40	0 L R  0.021  10.8
   5  0 -10.00  40	0 L R  0.022  12.8
   6  0 -10.00  40	1 R R  0.022  13.5
   7  0 -10.00  40	1 L L  0.022  14.2
   8  0 -10.00  40	1 R R  0.022  14.8
   9  0 -10.00  40	0 R L  0.022  15.3
  10  0 -10.00  40	1 R R  0.151  15.9
  11  0 -10.00  40	1 L L  0.022  16.4
  12  0 -10.00  40	0 L R  0.021  16.8
  13  0 -10.00  40	0 R L  0.021  17.2
  14  0 -10.00  40	0 L R  0.032  17.6
  15  0 -10.00  40	1 L L  0.022  17.9
