   0  4 -28.90   5	1 L L  2.032  11.9
   1  6 -23.75   8	1 R R  0.153  12.6
   2  8 -14.23  25	1 L L  0.117  13.2
   3  1 -40.48   1	0 R L  0.667  14.3
   4  4 -28.71   5	0 L R  0.328  15.1
   5  9 -11.98  32	1 R R  0.176  15.7
   6  2 -38.84   1	0 R L  0.328  16.5
   7  5 -27.45   5	0 L R  0.233  17.1
   8  1 -42.68   1	0 L R  0.444  18.1
   9  0 -44.07   1	1 L L  0.269  18.8
  10  7 -19.83  13	1 L L  0.161  19.5
  11  1 -39.87   1	1 R R  0.234  20.1
  12  2 -36.13   2	0 L R  0.220  20.8
  13  4 -30.70   4	1 L L  0.198  21.5
  14  3 -33.18   3	0 L R  0.203  22.2
  15  9 -10.68  37	1 R R  0.202  22.9
  16  3 -32.28   3	1 L L  0.364  23.7
  17  1 -39.68   1	0 L R  0.210  24.4
  18  0 -43.65   1	0 R L  0.271  25.2
  19  2 -37.82   2	1 R R  0.187  25.9
  20  6 -23.03   9	1 R R  0.210  26.8
  21  1 -42.03   1	1 L L  0.241  27.4
  22  3 -33.97   3	0 L R  0.172  28.1
  23  0 -45.18   1	1 L L  0.130  28.8
  24  9 -11.97  32	1 R R  0.213  29.7
