   0  7 -20.15  13	1 R R  0.164   6.2
   1  3 -33.70   3	1 L L  0.412   7.1
   2  6 -22.11  10	1 L L  0.377   8.0
   3  6 -23.26   9	1 L L  0.165   8.6
   4  0 -43.68   1	1 R R  0.294   9.3
   5  6 -23.07   9	1 R R  0.450  10.4
   6  0 -44.11   1	1 L L  0.226  11.1
   7  0 -45.69   1	0 L R  0.280  11.8
   8  5 -25.56   7	0 R L  0.141  12.4
   9  1 -40.63   1	0 R L  0.236  13.2
  10  6 -23.14   9	1 L L  0.938  14.6
  11  5 -25.72   7	0 R L  0.320  15.6
  12  2 -37.07   2	1 L L  0.457  16.5
  13  3 -33.76   3	0 R L  0.295  17.3
  14  0 -45.16   1	1 L L  0.209  18.0
  15  1 -43.16   1	0 L R  0.273  18.7
  16  5 -26.73   6	1 L L  0.057  19.3
  17  7 -18.17  16	1 L L  0.211  20.2
  18  0 -44.05   1	1 R R  0.567  21.2
  19  4 -31.32   3	1 L L  0.185  21.9
  20  1 -41.37   1	0 R L  0.224  22.7
  21  7 -18.75  15	1 L L  0.206  23.4
  22  6 -23.24   9	0 R L  0.726  24.8
  23  4 -29.38   4	0 R L  0.264  25.9
  24  1 -40.05   1	1 L L  0.401  26.9
