   0  4 -31.34   3	0 L R  1.344   7.9
   1  3 -35.32   2	1 R R  0.282   8.6
   2  8 -15.56  21	1 R R  0.411   9.5
   3  2 -36.19   2	0 L R  0.554  10.5
   4  1 -41.35   1	0 R L  1.737  12.8
   5  1 -41.53   1	1 L L  0.545  13.9
   6  5 -26.80   6	0 L R  0.226  14.6
   7  3 -34.78   2	0 L R  0.225  15.3
   8  9 -10.93  36	1 R R  0.294  16.2
   9  1 -39.87   1	0 R L  0.579  17.2
  10  7 -20.80  12	0 R L  0.186  18.0
  11  6 -21.31  11	1 L L  0.392  18.9
  12  7 -18.48  15	1 R R  0.818  20.2
  13  1 -43.07   1	1 R R  0.575  21.3
  14  5 -25.16   7	1 L L  0.911  22.7
  15  1 -43.07   1	1 R R  0.541  23.9
  16  4 -29.12   4	0 R L  0.335  24.7
  17  8 -13.96  26	1 R R  0.338  25.8
  18  9 -12.02  32	1 L L  0.187  26.5
  19  8 -15.58  21	1 L L  0.154  27.1
  20  0 -44.42   1	0 R L  0.637  28.3
  21  4 -28.54   5	0 L R  0.236  29.0
  22  8 -14.46  24	1 R R  0.481  30.1
  23  9 -10.18  39	1 R R  0.187  30.8
  24  2 -36.36   2	1 R R  0.459  31.7
