   0  6 -24.00   8	1 L L  0.214   6.5
   1  2 -38.82   1	1 R R  0.378   7.4
   2  0 -45.57   1	1 R R  0.310   8.2
   3  9 -13.63  27	1 L L  0.116   8.7
   4  2 -38.61   1	0 L R  0.247   9.4
   5  0 -44.32   1	0 L R  0.104  10.0
   6  0 -46.58   1	0 L R  0.163  10.6
   7  6 -23.41   9	1 L L  0.164  11.3
   8  9 -10.89  36	1 L L  0.153  11.8
   9  5 -26.28   6	1 L L  0.251  12.6
  10  0 -46.46   1	1 R R  0.137  13.2
  11  3 -34.75   2	0 R L  0.065  13.8
  12  9 -10.88  36	1 R R  0.174  14.5
  13  1 -41.96   1	0 R L  0.153  15.1
  14  7 -20.92  11	0 R L  0.163  15.8
  15  6 -24.05   8	1 R R  0.294  17.7
  16  4 -30.42   4	1 L L  0.526  18.6
  17  6 -21.73  10	1 L L  0.221  19.4
  18  0 -46.85   1	1 R R  0.422  20.3
  19  3 -34.88   2	0 L R  0.249  21.1
  20  4 -32.00   3	0 R L  0.198  21.7
  21  2 -39.44   1	1 L L  0.138  22.5
  22  7 -21.00  11	1 R R  0.292  23.4
  23  5 -28.05   5	0 R L  0.438  24.3
  24  5 -25.36   7	1 L L  0.256  25.0
