   0  1 -39.87   1	1 L L  0.803   3.8
   1  9 -12.56  30	1 R R  0.176   4.5
   2  9 -12.40  31	1 R R  0.187   5.1
   3  8 -13.95  26	1 R R  0.150   5.7
   4  9 -10.07  40	1 L L  0.116   6.3
   5  6 -22.75   9	1 R R  0.398   7.2
   6  1 -42.20   1	1 R R  1.061   8.8
   7  1 -40.86   1	1 L L  0.434   9.7
   8  5 -27.10   6	0 L R  0.424  10.6
   9  4 -31.86   3	0 L R  0.507  11.6
  10  9 -10.52  38	1 L L  0.140  12.3
  11  0 -45.50   1	1 R R  0.481  13.2
  12  5 -25.05   7	0 R L  0.458  14.2
  13  8 -16.41  19	1 R R  0.272  15.0
  14  5 -26.19   6	1 R R  1.109  16.5
  15  5 -26.29   6	1 L L  0.412  17.5
  16  8 -13.77  26	1 L L  0.211  18.3
  17  0 -45.33   1	1 R R  0.315  19.1
  18  2 -37.94   2	0 L R  0.368  20.1
  19  6 -24.63   7	0 R L  0.377  21.1
  20  4 -30.88   4	0 R L  0.198  21.9
  21  9 -11.13  35	1 R R  0.149  22.8
  22  7 -18.23  16	1 L L  0.190  23.6
  23  1 -42.24   1	1 R R  0.390  24.5
  24  0 -43.41   1	1 L L  0.244  25.3
