   0  2 -36.27   2	1 R R  0.627   7.2
   1  2 -39.33   1	0 R L  0.390   8.0
   2  0 -44.43   1	1 L L  0.417   9.0
   3  4 -30.31   4	0 R L  0.245   9.7
   4  7 -19.56  13	0 L R  0.246  10.5
   5  3 -35.23   2	0 L R  0.128  11.1
   6  7 -19.17  14	0 L R  0.223  11.9
   7  1 -40.51   1	0 R L  0.225  12.7
   8  3 -35.90   2	0 L R  0.465  13.8
   9  6 -21.77  10	0 R L  0.408  14.7
  10  0 -44.66   1	0 L R  0.360  15.7
  11  7 -17.76  16	1 R R  0.349  16.6
  12  0 -44.65   1	0 R L  0.257  17.6
  13  5 -27.43   5	0 L R  0.279  18.5
  14  6 -21.82  10	1 L L  0.328  19.4
  15  3 -32.50   3	1 L L  0.234  20.2
  16  5 -26.38   6	1 R R  0.233  21.0
  17  2 -37.91   2	1 R R  0.292  21.8
  18  4 -28.86   5	1 L L  0.304  22.7
  19  0 -45.97   1	1 R R  0.319  23.6
  20  8 -17.08  18	0 R L  0.460  24.7
  21  4 -29.02   5	0 L R  0.213  25.4
  22  0 -46.22   1	0 R L  0.339  26.3
  23  9 -12.55  30	1 R R  0.697  27.5
  24  5 -25.41   7	1 L L  1.454  29.5
