   0  4 -30.45   4	0 R L  0.430   5.3
   1  3 -35.11   2	0 L R  0.790   6.5
   2  5 -27.60   5	1 R R  0.743   7.8
   3  1 -42.26   1	0 L R  0.269   8.6
   4  6 -24.68   7	1 R R  0.210   9.3
   5  3 -34.29   2	1 R R  0.311  10.3
   6  3 -35.16   2	1 R R  0.267  11.1
   7  7 -20.17  13	1 L L  0.245  12.0
   8  9 -12.86  29	1 L L  0.279  12.7
   9  9 -12.22  31	1 R R  0.176  13.4
  10  6 -22.59   9	1 L L  0.376  14.2
  11  9 -13.61  27	1 L L  0.176  14.8
  12  2 -37.31   2	1 R R  0.625  15.9
  13  0 -46.48   1	0 R L  0.657  17.1
  14  5 -25.38   7	1 R R  0.305  17.8
  15  1 -39.68   1	1 R R  0.303  18.7
  16  4 -30.65   4	1 L L  0.580  19.8
  17  9 -13.46  27	1 R R  0.255  20.7
  18  8 -14.89  23	1 R R  0.331  21.4
  19  5 -27.36   5	0 L R  0.480  22.4
  20  0 -45.20   1	0 L R  0.211  23.1
  21  3 -34.52   2	0 R L  0.163  23.8
  22  3 -35.57   2	0 L R  0.152  24.6
  23  4 -31.33   3	1 L L  0.034  25.2
  24  1 -41.19   1	0 L R  0.081  25.9
