   0  8 -15.81  21	1 L L  0.479  33.9
   1  9 -10.26  39	1 L L  0.248  35.3
   2  4 -29.76   4	1 R R  0.296  36.2
   3  7 -21.01  11	0 R L  0.759  37.4
   4  3 -32.62   3	1 L L  0.327  38.2
   5  3 -32.41   3	0 R L  0.341  39.1
   6  3 -32.25   3	1 L L  0.319  39.9
   7  3 -35.68   2	1 L L  0.245  40.7
   8  5 -24.84   7	0 R L  1.028  42.7
   9  0 -46.86   1	0 R L  0.754  44.0
  10  1 -39.82   1	1 L L  0.375  44.8
  11  4 -29.15   4	1 L L  0.344  45.9
  12  5 -28.02   5	1 L L  0.292  46.9
  13  4 -30.79   4	1 L L  0.708  48.4
  14  8 -16.43  19	1 L L  0.271  49.4
  15  1 -42.38   1	1 R R  0.795  50.7
  16  5 -27.26   6	0 R L  0.437  51.8
  17  8 -17.30  17	1 R R  0.343  52.7
  18  5 -28.43   5	0 R L  0.782  54.0
  19  0 -43.50   1	1 R R  1.312  55.8
  20  7 -18.91  14	1 L L  0.223  56.7
  21  0 -45.08   1	0 L R  0.947  58.1
  22  8 -15.35  22	1 L L  0.163  58.8
  23  2 -39.39   1	1 R R  0.886  60.2
  24  0 -46.92   1	1 R R  0.417  61.0
