   0  4 -28.60   5	0 L R  0.369   2.1
   1  4 -29.07   4	0 R L  0.511   3.0
   2  8 -16.09  20	1 L L  0.162   3.7
   3  9 -12.59  30	1 L L  0.116   4.2
   4  9 -11.18  35	1 R R  0.164   4.9
   5  9 -11.35  35	1 R R  0.163   5.5
   6  8 -14.23  25	1 L L  0.139   6.1
   7  9 -11.06  36	1 L L  0.140   6.7
   8  5 -28.41   5	1 R R  0.304   7.5
   9  4 -31.96   3	0 L R  0.296   8.3
  10  8 -16.53  19	1 L L  0.157   8.9
  11  2 -36.94   2	1 R R  0.398   9.8
  12  1 -41.48   1	1 R R  0.794  11.1
  13  9 -11.13  35	1 R R  0.199  11.7
  14  3 -33.60   3	0 L R  0.636  12.9
  15  8 -15.12  22	1 L L  0.152  13.6
  16  2 -37.71   2	0 L R  0.478  14.6
  17  4 -31.14   4	0 L R  0.366  15.5
  18  6 -23.10   9	0 L R  0.390  16.4
  19  2 -39.24   1	0 R L  0.236  17.1
  20  7 -17.73  17	0 R L  0.128  17.8
  21  6 -24.46   8	1 R R  0.453  19.8
  22  8 -14.34  24	1 R R  0.198  20.6
  23  3 -34.15   3	1 R R  0.307  21.4
  24  7 -17.57  17	1 R R  0.239  22.2
