   0  9 -10.80  37	1 L L  0.165   4.2
   1  9 -10.61  38	1 R R  0.105   4.7
   2  1 -43.00   1	0 R L  0.695   5.9
   3  8 -16.21  20	0 L R  0.189   6.6
   4  2 -39.03   1	0 L R  0.656   7.7
   5  2 -39.45   1	1 R R  0.596   8.9
   6  4 -32.00   3	1 R R  0.256   9.7
   7  6 -21.91  10	1 L L  0.273  10.4
   8  5 -25.86   6	0 L R  0.436  11.5
   9  6 -24.12   8	0 L R  0.731  12.8
  10  1 -40.26   1	1 L L  0.248  13.6
  11  8 -17.16  18	1 R R  0.410  14.6
  12  4 -31.59   3	1 L L  0.593  15.7
  13  4 -28.77   5	0 R L  0.425  16.6
  14  4 -30.92   4	0 L R  0.355  17.4
  15  2 -35.96   2	1 R R  0.405  18.5
  16  5 -26.37   6	0 R L  0.372  19.5
  17  7 -18.54  15	1 L L  0.507  20.6
  18  3 -34.32   2	1 R R  0.599  21.7
  19  0 -45.22   1	0 L R  0.426  22.8
  20  0 -46.66   1	1 R R  0.370  23.8
  21  1 -40.56   1	0 R L  0.337  24.8
  22  2 -36.93   2	0 L R  0.169  25.5
  23  6 -23.45   9	1 L L  0.532  26.7
  24  1 -41.79   1	0 L R  0.859  28.1
