   0  5 -28.29   5	1 L L  0.335   6.1
   1  7 -19.69  13	1 R R  0.132   6.7
   2  6 -21.97  10	1 R R  0.211   7.9
   3  8 -17.38  17	1 R R  0.197   9.0
   4  2 -35.91   2	1 L L  0.491  10.1
   5  9 -12.90  29	1 R R  0.106  10.6
   6  7 -18.60  15	1 R R  0.199  11.3
   7  0 -46.76   1	0 R L  0.351  12.1
   8  8 -13.82  26	1 R R  0.129  12.7
   9  2 -37.76   2	1 L L  0.353  13.5
  10  6 -23.48   9	1 L L  0.320  14.3
  11  8 -13.82  26	1 R R  0.117  14.8
  12  2 -36.76   2	0 R L  0.198  15.4
  13  5 -26.41   6	0 L R  0.187  16.1
  14  2 -36.82   2	1 L L  0.279  16.8
  15  7 -17.86  16	1 R R  0.198  17.5
  16  7 -20.49  12	1 R R  0.197  18.1
  17  0 -44.85   1	0 R L  0.259  18.7
  18  7 -19.25  14	1 R R  0.115  19.3
  19  2 -37.16   2	0 R L  0.328  20.0
  20  6 -21.44  11	1 R R  1.857  22.3
  21  0 -43.41   1	1 L L  0.464  23.5
  22  0 -43.65   1	0 L R  0.490  24.4
  23  1 -40.15   1	0 R L  0.145  25.1
  24  8 -14.19  25	1 L L  0.190  25.8
